EU_test_data/Budapest/budapest_slope.asc
ncols         400
nrows         400
xllcorner     4966250
yllcorner     2686500
cellsize      250
NODATA_value  -9999
[rows 248 to 278 of 400, columns 207 to 275 of 400]
0.03953 0.05 0.05 0.05 0.05 0.03536 0.03536 0.03536 0.03536 0.01768 0.01768 0.01768 0.01768 0.06374 0.06374 0.06374 0.06374 0.0952 0.0952 0.0952 0.0952 0.05 0.05 0.05 0.05 0.03536 0.03536 0.03536 0.03536 0.03953 0.03953 0.03953 0.03953 0.03953 0.03953 0.03953 0.03953 0.03953 0.03953 0.03953 0.03953 0.08839 0.08839 0.08839 0.08839 0.08839 0.08839 0.08839 0.08839 0.0559 0.0559 0.0559 0.0559 0.24044 0.24044 0.24044 0.24044 0.12374 0.12374 0.12374 0.12374 0.15207 0.15207 0.15207 0.15207 0.025 0.025 0.025 0.025
0.125 0.05 0.05 0.05 0.05 0.05303 0.05303 0.05303 0.05303 0.03953 0.03953 0.03953 0.03953 0.06374 0.06374 0.06374 0.06374 0.06374 0.06374 0.06374 0.06374 0.09014 0.09014 0.09014 0.09014 0.0559 0.0559 0.0559 0.0559 0.01768 0.01768 0.01768 0.01768 0.025 0.025 0.025 0.025 0.0559 0.0559 0.0559 0.0559 0.08839 0.08839 0.08839 0.08839 0.03953 0.03953 0.03953 0.03953 0.20691 0.20691 0.20691 0.20691 0.27042 0.27042 0.27042 0.27042 0.1 0.1 0.1 0.1 0.16298 0.16298 0.16298 0.16298 0.1 0.1 0.1 0.1
0.125 0.05 0.05 0.05 0.05 0.05303 0.05303 0.05303 0.05303 0.03953 0.03953 0.03953 0.03953 0.06374 0.06374 0.06374 0.06374 0.06374 0.06374 0.06374 0.06374 0.09014 0.09014 0.09014 0.09014 0.0559 0.0559 0.0559 0.0559 0.01768 0.01768 0.01768 0.01768 0.025 0.025 0.025 0.025 0.0559 0.0559 0.0559 0.0559 0.08839 0.08839 0.08839 0.08839 0.03953 0.03953 0.03953 0.03953 0.20691 0.20691 0.20691 0.20691 0.27042 0.27042 0.27042 0.27042 0.1 0.1 0.1 0.1 0.16298 0.16298 0.16298 0.16298 0.1 0.1 0.1 0.1
0.125 0.05 0.05 0.05 0.05 0.05303 0.05303 0.05303 0.05303 0.03953 0.03953 0.03953 0.03953 0.06374 0.06374 0.06374 0.06374 0.06374 0.06374 0.06374 0.06374 0.09014 0.09014 0.09014 0.09014 0.0559 0.0559 0.0559 0.0559 0.01768 0.01768 0.01768 0.01768 0.025 0.025 0.025 0.025 0.0559 0.0559 0.0559 0.0559 0.08839 0.08839 0.08839 0.08839 0.03953 0.03953 0.03953 0.03953 0.20691 0.20691 0.20691 0.20691 0.27042 0.27042 0.27042 0.27042 0.1 0.1 0.1 0.1 0.16298 0.16298 0.16298 0.16298 0.1 0.1 0.1 0.1
0.125 0.05 0.05 0.05 0.05 0.05303 0.05303 0.05303 0.05303 0.03953 0.03953 0.03953 0.03953 0.06374 0.06374 0.06374 0.06374 0.06374 0.06374 0.06374 0.06374 0.09014 0.09014 0.09014 0.09014 0.0559 0.0559 0.0559 0.0559 0.01768 0.01768 0.01768 0.01768 0.025 0.025 0.025 0.025 0.0559 0.0559 0.0559 0.0559 0.08839 0.08839 0.08839 0.08839 0.03953 0.03953 0.03953 0.03953 0.20691 0.20691 0.20691 0.20691 0.27042 0.27042 0.27042 0.27042 0.1 0.1 0.1 0.1 0.16298 0.16298 0.16298 0.16298 0.1 0.1 0.1 0.1
0.18456 0.05 0.05 0.05 0.05 0.01768 0.01768 0.01768 0.01768 0.025 0.025 0.025 0.025 0.0952 0.0952 0.0952 0.0952 0.13463 0.13463 0.13463 0.13463 0.0559 0.0559 0.0559 0.0559 0.03953 0.03953 0.03953 0.03953 0.0952 0.0952 0.0952 0.0952 0.1287 0.1287 0.1287 0.1287 0.20156 0.20156 0.20156 0.20156 0.23717 0.23717 0.23717 0.23717 0.19121 0.19121 0.19121 0.19121 0.24044 0.24044 0.24044 0.24044 0.15 0.15 0.15 0.15 0.025 0.025 0.025 0.025 0.10308 0.10308 0.10308 0.10308 0.15104 0.15104 0.15104 0.15104
0.18456 0.05 0.05 0.05 0.05 0.01768 0.01768 0.01768 0.01768 0.025 0.025 0.025 0.025 0.0952 0.0952 0.0952 0.0952 0.13463 0.13463 0.13463 0.13463 0.0559 0.0559 0.0559 0.0559 0.03953 0.03953 0.03953 0.03953 0.0952 0.0952 0.0952 0.0952 0.1287 0.1287 0.1287 0.1287 0.20156 0.20156 0.20156 0.20156 0.23717 0.23717 0.23717 0.23717 0.19121 0.19121 0.19121 0.19121 0.24044 0.24044 0.24044 0.24044 0.15 0.15 0.15 0.15 0.025 0.025 0.025 0.025 0.10308 0.10308 0.10308 0.10308 0.15104 0.15104 0.15104 0.15104
0.18456 0.05 0.05 0.05 0.05 0.01768 0.01768 0.01768 0.01768 0.025 0.025 0.025 0.025 0.0952 0.0952 0.0952 0.0952 0.13463 0.13463 0.13463 0.13463 0.0559 0.0559 0.0559 0.0559 0.03953 0.03953 0.03953 0.03953 0.0952 0.0952 0.0952 0.0952 0.1287 0.1287 0.1287 0.1287 0.20156 0.20156 0.20156 0.20156 0.23717 0.23717 0.23717 0.23717 0.19121 0.19121 0.19121 0.19121 0.24044 0.24044 0.24044 0.24044 0.15 0.15 0.15 0.15 0.025 0.025 0.025 0.025 0.10308 0.10308 0.10308 0.10308 0.15104 0.15104 0.15104 0.15104
0.18456 0.05 0.05 0.05 0.05 0.01768 0.01768 0.01768 0.01768 0.025 0.025 0.025 0.025 0.0952 0.0952 0.0952 0.0952 0.13463 0.13463 0.13463 0.13463 0.0559 0.0559 0.0559 0.0559 0.03953 0.03953 0.03953 0.03953 0.0952 0.0952 0.0952 0.0952 0.1287 0.1287 0.1287 0.1287 0.20156 0.20156 0.20156 0.20156 0.23717 0.23717 0.23717 0.23717 0.19121 0.19121 0.19121 0.19121 0.24044 0.24044 0.24044 0.24044 0.15 0.15 0.15 0.15 0.025 0.025 0.025 0.025 0.10308 0.10308 0.10308 0.10308 0.15104 0.15104 0.15104 0.15104
0.15811 0 0 0 0 0.05 0.05 0.05 0.05 0.05 0.05 0.05 0.05 0.025 0.025 0.025 0.025 0.075 0.075 0.075 0.075 0.025 0.025 0.025 0.025 0.07289 0.07289 0.07289 0.07289 0.08839 0.08839 0.08839 0.08839 0.18456 0.18456 0.18456 0.18456 0.23049 0.23049 0.23049 0.23049 0.19764 0.19764 0.19764 0.19764 0.2136 0.2136 0.2136 0.2136 0.19526 0.19526 0.19526 0.19526 0.07289 0.07289 0.07289 0.07289 0.0559 0.0559 0.0559 0.0559 0.0559 0.0559 0.0559 0.0559 0.24044 0.24044 0.24044 0.24044
0.15811 0 0 0 0 0.05 0.05 0.05 0.05 0.05 0.05 0.05 0.05 0.025 0.025 0.025 0.025 0.075 0.075 0.075 0.075 0.025 0.025 0.025 0.025 0.07289 0.07289 0.07289 0.07289 0.08839 0.08839 0.08839 0.08839 0.18456 0.18456 0.18456 0.18456 0.23049 0.23049 0.23049 0.23049 0.19764 0.19764 0.19764 0.19764 0.2136 0.2136 0.2136 0.2136 0.19526 0.19526 0.19526 0.19526 0.07289 0.07289 0.07289 0.07289 0.0559 0.0559 0.0559 0.0559 0.0559 0.0559 0.0559 0.0559 0.24044 0.24044 0.24044 0.24044
0.15811 0 0 0 0 0.05 0.05 0.05 0.05 0.05 0.05 0.05 0.05 0.025 0.025 0.025 0.025 0.075 0.075 0.075 0.075 0.025 0.025 0.025 0.025 0.07289 0.07289 0.07289 0.07289 0.08839 0.08839 0.08839 0.08839 0.18456 0.18456 0.18456 0.18456 0.23049 0.23049 0.23049 0.23049 0.19764 0.19764 0.19764 0.19764 0.2136 0.2136 0.2136 0.2136 0.19526 0.19526 0.19526 0.19526 0.07289 0.07289 0.07289 0.07289 0.0559 0.0559 0.0559 0.0559 0.0559 0.0559 0.0559 0.0559 0.24044 0.24044 0.24044 0.24044
0.15811 0 0 0 0 0.05 0.05 0.05 0.05 0.05 0.05 0.05 0.05 0.025 0.025 0.025 0.025 0.075 0.075 0.075 0.075 0.025 0.025 0.025 0.025 0.07289 0.07289 0.07289 0.07289 0.08839 0.08839 0.08839 0.08839 0.18456 0.18456 0.18456 0.18456 0.23049 0.23049 0.23049 0.23049 0.19764 0.19764 0.19764 0.19764 0.2136 0.2136 0.2136 0.2136 0.19526 0.19526 0.19526 0.19526 0.07289 0.07289 0.07289 0.07289 0.0559 0.0559 0.0559 0.0559 0.0559 0.0559 0.0559 0.0559 0.24044 0.24044 0.24044 0.24044
0.08839 0.03953 0.03953 0.03953 0.03953 0.01768 0.01768 0.01768 0.01768 0.025 0.025 0.025 0.025 0.07906 0.07906 0.07906 0.07906 0.0952 0.0952 0.0952 0.0952 0.075 0.075 0.075 0.075 0.0952 0.0952 0.0952 0.0952 0.2136 0.2136 0.2136 0.2136 0.125 0.125 0.125 0.125 0.13807 0.13807 0.13807 0.13807 0.07906 0.07906 0.07906 0.07906 0.1741 0.1741 0.1741 0.1741 0.15811 0.15811 0.15811 0.15811 0.13807 0.13807 0.13807 0.13807 0.1 0.1 0.1 0.1 0 0 0 0 0.14252 0.14252 0.14252 0.14252
0.08839 0.03953 0.03953 0.03953 0.03953 0.01768 0.01768 0.01768 0.01768 0.025 0.025 0.025 0.025 0.07906 0.07906 0.07906 0.07906 0.0952 0.0952 0.0952 0.0952 0.075 0.075 0.075 0.075 0.0952 0.0952 0.0952 0.0952 0.2136 0.2136 0.2136 0.2136 0.125 0.125 0.125 0.125 0.13807 0.13807 0.13807 0.13807 0.07906 0.07906 0.07906 0.07906 0.1741 0.1741 0.1741 0.1741 0.15811 0.15811 0.15811 0.15811 0.13807 0.13807 0.13807 0.13807 0.1 0.1 0.1 0.1 0 0 0 0 0.14252 0.14252 0.14252 0.14252
0.08839 0.03953 0.03953 0.03953 0.03953 0.01768 0.01768 0.01768 0.01768 0.025 0.025 0.025 0.025 0.07906 0.07906 0.07906 0.07906 0.0952 0.0952 0.0952 0.0952 0.075 0.075 0.075 0.075 0.0952 0.0952 0.0952 0.0952 0.2136 0.2136 0.2136 0.2136 0.125 0.125 0.125 0.125 0.13807 0.13807 0.13807 0.13807 0.07906 0.07906 0.07906 0.07906 0.1741 0.1741 0.1741 0.1741 0.15811 0.15811 0.15811 0.15811 0.13807 0.13807 0.13807 0.13807 0.1 0.1 0.1 0.1 0 0 0 0 0.14252 0.14252 0.14252 0.14252
0.08839 0.03953 0.03953 0.03953 0.03953 0.01768 0.01768 0.01768 0.01768 0.025 0.025 0.025 0.025 0.07906 0.07906 0.07906 0.07906 0.0952 0.0952 0.0952 0.0952 0.075 0.075 0.075 0.075 0.0952 0.0952 0.0952 0.0952 0.2136 0.2136 0.2136 0.2136 0.125 0.125 0.125 0.125 0.13807 0.13807 0.13807 0.13807 0.07906 0.07906 0.07906 0.07906 0.1741 0.1741 0.1741 0.1741 0.15811 0.15811 0.15811 0.15811 0.13807 0.13807 0.13807 0.13807 0.1 0.1 0.1 0.1 0 0 0 0 0.14252 0.14252 0.14252 0.14252
0.06374 0.01768 0.01768 0.01768 0.01768 0.07289 0.07289 0.07289 0.07289 0.06374 0.06374 0.06374 0.06374 0.09014 0.09014 0.09014 0.09014 0.05 0.05 0.05 0.05 0.10308 0.10308 0.10308 0.10308 0.05303 0.05303 0.05303 0.05303 0.24622 0.24622 0.24622 0.24622 0.20156 0.20156 0.20156 0.20156 0.14577 0.14577 0.14577 0.14577 0.1287 0.1287 0.1287 0.1287 0.03536 0.03536 0.03536 0.03536 0.025 0.025 0.025 0.025 0.01768 0.01768 0.01768 0.01768 0.03953 0.03953 0.03953 0.03953 0.03536 0.03536 0.03536 0.03536 0.07289 0.07289 0.07289 0.07289
0.06374 0.01768 0.01768 0.01768 0.01768 0.07289 0.07289 0.07289 0.07289 0.06374 0.06374 0.06374 0.06374 0.09014 0.09014 0.09014 0.09014 0.05 0.05 0.05 0.05 0.10308 0.10308 0.10308 0.10308 0.05303 0.05303 0.05303 0.05303 0.24622 0.24622 0.24622 0.24622 0.20156 0.20156 0.20156 0.20156 0.14577 0.14577 0.14577 0.14577 0.1287 0.1287 0.1287 0.1287 0.03536 0.03536 0.03536 0.03536 0.025 0.025 0.025 0.025 0.01768 0.01768 0.01768 0.01768 0.03953 0.03953 0.03953 0.03953 0.03536 0.03536 0.03536 0.03536 0.07289 0.07289 0.07289 0.07289
0.06374 0.01768 0.01768 0.01768 0.01768 0.07289 0.07289 0.07289 0.07289 0.06374 0.06374 0.06374 0.06374 0.09014 0.09014 0.09014 0.09014 0.05 0.05 0.05 0.05 0.10308 0.10308 0.10308 0.10308 0.05303 0.05303 0.05303 0.05303 0.24622 0.24622 0.24622 0.24622 0.20156 0.20156 0.20156 0.20156 0.14577 0.14577 0.14577 0.14577 0.1287 0.1287 0.1287 0.1287 0.03536 0.03536 0.03536 0.03536 0.025 0.025 0.025 0.025 0.01768 0.01768 0.01768 0.01768 0.03953 0.03953 0.03953 0.03953 0.03536 0.03536 0.03536 0.03536 0.07289 0.07289 0.07289 0.07289
0.06374 0.01768 0.01768 0.01768 0.01768 0.07289 0.07289 0.07289 0.07289 0.06374 0.06374 0.06374 0.06374 0.09014 0.09014 0.09014 0.09014 0.05 0.05 0.05 0.05 0.10308 0.10308 0.10308 0.10308 0.05303 0.05303 0.05303 0.05303 0.24622 0.24622 0.24622 0.24622 0.20156 0.20156 0.20156 0.20156 0.14577 0.14577 0.14577 0.14577 0.1287 0.1287 0.1287 0.1287 0.03536 0.03536 0.03536 0.03536 0.025 0.025 0.025 0.025 0.01768 0.01768 0.01768 0.01768 0.03953 0.03953 0.03953 0.03953 0.03536 0.03536 0.03536 0.03536 0.07289 0.07289 0.07289 0.07289
0.1741 0 0 0 0 0.07906 0.07906 0.07906 0.07906 0.01768 0.01768 0.01768 0.01768 0.07289 0.07289 0.07289 0.07289 0.07071 0.07071 0.07071 0.07071 0.0559 0.0559 0.0559 0.0559 0.12374 0.12374 0.12374 0.12374 0.10308 0.10308 0.10308 0.10308 0.24044 0.24044 0.24044 0.24044 0.182 0.182 0.182 0.182 0.0952 0.0952 0.0952 0.0952 0.075 0.075 0.075 0.075 0.07289 0.07289 0.07289 0.07289 0.05 0.05 0.05 0.05 0.025 0.025 0.025 0.025 0.05303 0.05303 0.05303 0.05303 0.07289 0.07289 0.07289 0.07289
0.1741 0 0 0 0 0.07906 0.07906 0.07906 0.07906 0.01768 0.01768 0.01768 0.01768 0.07289 0.07289 0.07289 0.07289 0.07071 0.07071 0.07071 0.07071 0.0559 0.0559 0.0559 0.0559 0.12374 0.12374 0.12374 0.12374 0.10308 0.10308 0.10308 0.10308 0.24044 0.24044 0.24044 0.24044 0.182 0.182 0.182 0.182 0.0952 0.0952 0.0952 0.0952 0.075 0.075 0.075 0.075 0.07289 0.07289 0.07289 0.07289 0.05 0.05 0.05 0.05 0.025 0.025 0.025 0.025 0.05303 0.05303 0.05303 0.05303 0.07289 0.07289 0.07289 0.07289
0.1741 0 0 0 0 0.07906 0.07906 0.07906 0.07906 0.01768 0.01768 0.01768 0.01768 0.07289 0.07289 0.07289 0.07289 0.07071 0.07071 0.07071 0.07071 0.0559 0.0559 0.0559 0.0559 0.12374 0.12374 0.12374 0.12374 0.10308 0.10308 0.10308 0.10308 0.24044 0.24044 0.24044 0.24044 0.182 0.182 0.182 0.182 0.0952 0.0952 0.0952 0.0952 0.075 0.075 0.075 0.075 0.07289 0.07289 0.07289 0.07289 0.05 0.05 0.05 0.05 0.025 0.025 0.025 0.025 0.05303 0.05303 0.05303 0.05303 0.07289 0.07289 0.07289 0.07289
0.1741 0 0 0 0 0.07906 0.07906 0.07906 0.07906 0.01768 0.01768 0.01768 0.01768 0.07289 0.07289 0.07289 0.07289 0.07071 0.07071 0.07071 0.07071 0.0559 0.0559 0.0559 0.0559 0.12374 0.12374 0.12374 0.12374 0.10308 0.10308 0.10308 0.10308 0.24044 0.24044 0.24044 0.24044 0.182 0.182 0.182 0.182 0.0952 0.0952 0.0952 0.0952 0.075 0.075 0.075 0.075 0.07289 0.07289 0.07289 0.07289 0.05 0.05 0.05 0.05 0.025 0.025 0.025 0.025 0.05303 0.05303 0.05303 0.05303 0.07289 0.07289 0.07289 0.07289
0.34324 0.09014 0.09014 0.09014 0.09014 0.06374 0.06374 0.06374 0.06374 0.1118 0.1118 0.1118 0.1118 0.07906 0.07906 0.07906 0.07906 0.06374 0.06374 0.06374 0.06374 0.03536 0.03536 0.03536 0.03536 0.05303 0.05303 0.05303 0.05303 0.08839 0.08839 0.08839 0.08839 0.17678 0.17678 0.17678 0.17678 0.21578 0.21578 0.21578 0.21578 0.07906 0.07906 0.07906 0.07906 0.07071 0.07071 0.07071 0.07071 0.1118 0.1118 0.1118 0.1118 0.1 0.1 0.1 0.1 0.08839 0.08839 0.08839 0.08839 0.03536 0.03536 0.03536 0.03536 0.03953 0.03953 0.03953 0.03953
0.34324 0.09014 0.09014 0.09014 0.09014 0.06374 0.06374 0.06374 0.06374 0.1118 0.1118 0.1118 0.1118 0.07906 0.07906 0.07906 0.07906 0.06374 0.06374 0.06374 0.06374 0.03536 0.03536 0.03536 0.03536 0.05303 0.05303 0.05303 0.05303 0.08839 0.08839 0.08839 0.08839 0.17678 0.17678 0.17678 0.17678 0.21578 0.21578 0.21578 0.21578 0.07906 0.07906 0.07906 0.07906 0.07071 0.07071 0.07071 0.07071 0.1118 0.1118 0.1118 0.1118 0.1 0.1 0.1 0.1 0.08839 0.08839 0.08839 0.08839 0.03536 0.03536 0.03536 0.03536 0.03953 0.03953 0.03953 0.03953
0.34324 0.09014 0.09014 0.09014 0.09014 0.06374 0.06374 0.06374 0.06374 0.1118 0.1118 0.1118 0.1118 0.07906 0.07906 0.07906 0.07906 0.06374 0.06374 0.06374 0.06374 0.03536 0.03536 0.03536 0.03536 0.05303 0.05303 0.05303 0.05303 0.08839 0.08839 0.08839 0.08839 0.17678 0.17678 0.17678 0.17678 0.21578 0.21578 0.21578 0.21578 0.07906 0.07906 0.07906 0.07906 0.07071 0.07071 0.07071 0.07071 0.1118 0.1118 0.1118 0.1118 0.1 0.1 0.1 0.1 0.08839 0.08839 0.08839 0.08839 0.03536 0.03536 0.03536 0.03536 0.03953 0.03953 0.03953 0.03953
0.34324 0.09014 0.09014 0.09014 0.09014 0.06374 0.06374 0.06374 0.06374 0.1118 0.1118 0.1118 0.1118 0.07906 0.07906 0.07906 0.07906 0.06374 0.06374 0.06374 0.06374 0.03536 0.03536 0.03536 0.03536 0.05303 0.05303 0.05303 0.05303 0.08839 0.08839 0.08839 0.08839 0.17678 0.17678 0.17678 0.17678 0.21578 0.21578 0.21578 0.21578 0.07906 0.07906 0.07906 0.07906 0.07071 0.07071 0.07071 0.07071 0.1118 0.1118 0.1118 0.1118 0.1 0.1 0.1 0.1 0.08839 0.08839 0.08839 0.08839 0.03536 0.03536 0.03536 0.03536 0.03953 0.03953 0.03953 0.03953
0.3881 0.182 0.182 0.182 0.182 0.03953 0.03953 0.03953 0.03953 0.03536 0.03536 0.03536 0.03536 0.07071 0.07071 0.07071 0.07071 0.01768 0.01768 0.01768 0.01768 0.05 0.05 0.05 0.05 0.07906 0.07906 0.07906 0.07906 0.0952 0.0952 0.0952 0.0952 0.16008 0.16008 0.16008 0.16008 0.14252 0.14252 0.14252 0.14252 0.0952 0.0952 0.0952 0.0952 0.12748 0.12748 0.12748 0.12748 0.03953 0.03953 0.03953 0.03953 0.025 0.025 0.025 0.025 0.025 0.025 0.025 0.025 0.05303 0.05303 0.05303 0.05303 0.025 0.025 0.025 0.025
0.3881 0.182 0.182 0.182 0.182 0.03953 0.03953 0.03953 0.03953 0.03536 0.03536 0.03536 0.03536 0.07071 0.07071 0.07071 0.07071 0.01768 0.01768 0.01768 0.01768 0.05 0.05 0.05 0.05 0.07906 0.07906 0.07906 0.07906 0.0952 0.0952 0.0952 0.0952 0.16008 0.16008 0.16008 0.16008 0.14252 0.14252 0.14252 0.14252 0.0952 0.0952 0.0952 0.0952 0.12748 0.12748 0.12748 0.12748 0.03953 0.03953 0.03953 0.03953 0.025 0.025 0.025 0.025 0.025 0.025 0.025 0.025 0.05303 0.05303 0.05303 0.05303 0.025 0.025 0.025 0.025
