EU_test_data/Budapest/budapest_elevation.asc
ncols         400
nrows         400
xllcorner     4966250
yllcorner     2686500
cellsize      250
NODATA_value  -9999
[rows 165 to 219 of 400, columns 288 to 383 of 400]
48 48 48 48 44 44 44 44 37 37 37 37 40 40 40 40 37 37 37 37 39 39 39 39 41 41 41 41 40 40 40 40 40 40 40 40 37 37 37 37 39 39 39 39 34 34 34 34 38 38 38 38 38 38 38 38 36 36 36 36 32 32 32 32 32 32 32 32 34 34 34 34 34 34 34 34 34 34 34 34 32 32 32 32 34 34 34 34 32 32 32 32 33 33 33 33
48 48 48 48 44 44 44 44 37 37 37 37 40 40 40 40 37 37 37 37 39 39 39 39 41 41 41 41 40 40 40 40 40 40 40 40 37 37 37 37 39 39 39 39 34 34 34 34 38 38 38 38 38 38 38 38 36 36 36 36 32 32 32 32 32 32 32 32 34 34 34 34 34 34 34 34 34 34 34 34 32 32 32 32 34 34 34 34 32 32 32 32 33 33 33 33
48 48 48 48 44 44 44 44 37 37 37 37 40 40 40 40 37 37 37 37 39 39 39 39 41 41 41 41 40 40 40 40 40 40 40 40 37 37 37 37 39 39 39 39 34 34 34 34 38 38 38 38 38 38 38 38 36 36 36 36 32 32 32 32 32 32 32 32 34 34 34 34 34 34 34 34 34 34 34 34 32 32 32 32 34 34 34 34 32 32 32 32 33 33 33 33
48 48 48 48 44 44 44 44 37 37 37 37 40 40 40 40 37 37 37 37 39 39 39 39 41 41 41 41 40 40 40 40 40 40 40 40 37 37 37 37 39 39 39 39 34 34 34 34 38 38 38 38 38 38 38 38 36 36 36 36 32 32 32 32 32 32 32 32 34 34 34 34 34 34 34 34 34 34 34 34 32 32 32 32 34 34 34 34 32 32 32 32 33 33 33 33
49 49 49 49 48 48 48 48 49 49 49 49 41 41 41 41 41 41 41 41 40 40 40 40 40 40 40 40 37 37 37 37 38 38 38 38 37 37 37 37 39 39 39 39 38 38 38 38 38 38 38 38 38 38 38 38 34 34 34 34 34 34 34 34 32 32 32 32 36 36 36 36 38 38 38 38 33 33 33 33 30 30 30 30 36 36 36 36 32 32 32 32 30 30 30 30
49 49 49 49 48 48 48 48 49 49 49 49 41 41 41 41 41 41 41 41 40 40 40 40 40 40 40 40 37 37 37 37 38 38 38 38 37 37 37 37 39 39 39 39 38 38 38 38 38 38 38 38 38 38 38 38 34 34 34 34 34 34 34 34 32 32 32 32 36 36 36 36 38 38 38 38 33 33 33 33 30 30 30 30 36 36 36 36 32 32 32 32 30 30 30 30
49 49 49 49 48 48 48 48 49 49 49 49 41 41 41 41 41 41 41 41 40 40 40 40 40 40 40 40 37 37 37 37 38 38 38 38 37 37 37 37 39 39 39 39 38 38 38 38 38 38 38 38 38 38 38 38 34 34 34 34 34 34 34 34 32 32 32 32 36 36 36 36 38 38 38 38 33 33 33 33 30 30 30 30 36 36 36 36 32 32 32 32 30 30 30 30
49 49 49 49 48 48 48 48 49 49 49 49 41 41 41 41 41 41 41 41 40 40 40 40 40 40 40 40 37 37 37 37 38 38 38 38 37 37 37 37 39 39 39 39 38 38 38 38 38 38 38 38 38 38 38 38 34 34 34 34 34 34 34 34 32 32 32 32 36 36 36 36 38 38 38 38 33 33 33 33 30 30 30 30 36 36 36 36 32 32 32 32 30 30 30 30
48 48 48 48 48 48 48 48 48 48 48 48 41 41 41 41 45 45 45 45 41 41 41 41 39 39 39 39 39 39 39 39 39 39 39 39 38 38 38 38 38 38 38 38 38 38 38 38 38 38 38 38 39 39 39 39 38 38 38 38 34 34 34 34 36 36 36 36 38 38 38 38 32 32 32 32 32 32 32 32 30 30 30 30 32 32 32 32 34 34 34 34 30 30 30 30
48 48 48 48 48 48 48 48 48 48 48 48 41 41 41 41 45 45 45 45 41 41 41 41 39 39 39 39 39 39 39 39 39 39 39 39 38 38 38 38 38 38 38 38 38 38 38 38 38 38 38 38 39 39 39 39 38 38 38 38 34 34 34 34 36 36 36 36 38 38 38 38 32 32 32 32 32 32 32 32 30 30 30 30 32 32 32 32 34 34 34 34 30 30 30 30
48 48 48 48 48 48 48 48 48 48 48 48 41 41 41 41 45 45 45 45 41 41 41 41 39 39 39 39 39 39 39 39 39 39 39 39 38 38 38 38 38 38 38 38 38 38 38 38 38 38 38 38 39 39 39 39 38 38 38 38 34 34 34 34 36 36 36 36 38 38 38 38 32 32 32 32 32 32 32 32 30 30 30 30 32 32 32 32 34 34 34 34 30 30 30 30
48 48 48 48 48 48 48 48 48 48 48 48 41 41 41 41 45 45 45 45 41 41 41 41 39 39 39 39 39 39 39 39 39 39 39 39 38 38 38 38 38 38 38 38 38 38 38 38 38 38 38 38 39 39 39 39 38 38 38 38 34 34 34 34 36 36 36 36 38 38 38 38 32 32 32 32 32 32 32 32 30 30 30 30 32 32 32 32 34 34 34 34 30 30 30 30
54 54 54 54 61 61 61 61 52 52 52 52 47 47 47 47 48 48 48 48 43 43 43 43 40 40 40 40 38 38 38 38 37 37 37 37 38 38 38 38 38 38 38 38 38 38 38 38 38 38 38 38 38 38 38 38 38 38 38 38 38 38 38 38 38 38 38 38 34 34 34 34 36 36 36 36 34 34 34 34 32 32 32 32 30 30 30 30 30 30 30 30 30 30 30 30
54 54 54 54 61 61 61 61 52 52 52 52 47 47 47 47 48 48 48 48 43 43 43 43 40 40 40 40 38 38 38 38 37 37 37 37 38 38 38 38 38 38 38 38 38 38 38 38 38 38 38 38 38 38 38 38 38 38 38 38 38 38 38 38 38 38 38 38 34 34 34 34 36 36 36 36 34 34 34 34 32 32 32 32 30 30 30 30 30 30 30 30 30 30 30 30
54 54 54 54 61 61 61 61 52 52 52 52 47 47 47 47 48 48 48 48 43 43 43 43 40 40 40 40 38 38 38 38 37 37 37 37 38 38 38 38 38 38 38 38 38 38 38 38 38 38 38 38 38 38 38 38 38 38 38 38 38 38 38 38 38 38 38 38 34 34 34 34 36 36 36 36 34 34 34 34 32 32 32 32 30 30 30 30 30 30 30 30 30 30 30 30
54 54 54 54 61 61 61 61 52 52 52 52 47 47 47 47 48 48 48 48 43 43 43 43 40 40 40 40 38 38 38 38 37 37 37 37 38 38 38 38 38 38 38 38 38 38 38 38 38 38 38 38 38 38 38 38 38 38 38 38 38 38 38 38 38 38 38 38 34 34 34 34 36 36 36 36 34 34 34 34 32 32 32 32 30 30 30 30 30 30 30 30 30 30 30 30
59 59 59 59 66 66 66 66 60 60 60 60 61 61 61 61 48 48 48 48 46 46 46 46 44 44 44 44 40 40 40 40 37 37 37 37 38 38 38 38 39 39 39 39 38 38 38 38 39 39 39 39 38 38 38 38 38 38 38 38 38 38 38 38 33 33 33 33 32 32 32 32 38 38 38 38 32 32 32 32 32 32 32 32 31 31 31 31 31 31 31 31 31 31 31 31
59 59 59 59 66 66 66 66 60 60 60 60 61 61 61 61 48 48 48 48 46 46 46 46 44 44 44 44 40 40 40 40 37 37 37 37 38 38 38 38 39 39 39 39 38 38 38 38 39 39 39 39 38 38 38 38 38 38 38 38 38 38 38 38 33 33 33 33 32 32 32 32 38 38 38 38 32 32 32 32 32 32 32 32 31 31 31 31 31 31 31 31 31 31 31 31
59 59 59 59 66 66 66 66 60 60 60 60 61 61 61 61 48 48 48 48 46 46 46 46 44 44 44 44 40 40 40 40 37 37 37 37 38 38 38 38 39 39 39 39 38 38 38 38 39 39 39 39 38 38 38 38 38 38 38 38 38 38 38 38 33 33 33 33 32 32 32 32 38 38 38 38 32 32 32 32 32 32 32 32 31 31 31 31 31 31 31 31 31 31 31 31
59 59 59 59 66 66 66 66 60 60 60 60 61 61 61 61 48 48 48 48 46 46 46 46 44 44 44 44 40 40 40 40 37 37 37 37 38 38 38 38 39 39 39 39 38 38 38 38 39 39 39 39 38 38 38 38 38 38 38 38 38 38 38 38 33 33 33 33 32 32 32 32 38 38 38 38 32 32 32 32 32 32 32 32 31 31 31 31 31 31 31 31 31 31 31 31
61 61 61 61 71 71 71 71 63 63 63 63 61 61 61 61 48 48 48 48 46 46 46 46 45 45 45 45 37 37 37 37 37 37 37 37 38 38 38 38 38 38 38 38 40 40 40 40 37 37 37 37 38 38 38 38 38 38 38 38 38 38 38 38 32 32 32 32 32 32 32 32 34 34 34 34 33 33 33 33 33 33 33 33 27 27 27 27 30 30 30 30 33 33 33 33
61 61 61 61 71 71 71 71 63 63 63 63 61 61 61 61 48 48 48 48 46 46 46 46 45 45 45 45 37 37 37 37 37 37 37 37 38 38 38 38 38 38 38 38 40 40 40 40 37 37 37 37 38 38 38 38 38 38 38 38 38 38 38 38 32 32 32 32 32 32 32 32 34 34 34 34 33 33 33 33 33 33 33 33 27 27 27 27 30 30 30 30 33 33 33 33
61 61 61 61 71 71 71 71 63 63 63 63 61 61 61 61 48 48 48 48 46 46 46 46 45 45 45 45 37 37 37 37 37 37 37 37 38 38 38 38 38 38 38 38 40 40 40 40 37 37 37 37 38 38 38 38 38 38 38 38 38 38 38 38 32 32 32 32 32 32 32 32 34 34 34 34 33 33 33 33 33 33 33 33 27 27 27 27 30 30 30 30 33 33 33 33
61 61 61 61 71 71 71 71 63 63 63 63 61 61 61 61 48 48 48 48 46 46 46 46 45 45 45 45 37 37 37 37 37 37 37 37 38 38 38 38 38 38 38 38 40 40 40 40 37 37 37 37 38 38 38 38 38 38 38 38 38 38 38 38 32 32 32 32 32 32 32 32 34 34 34 34 33 33 33 33 33 33 33 33 27 27 27 27 30 30 30 30 33 33 33 33
58 58 58 58 65 65 65 65 61 61 61 61 55 55 55 55 47 47 47 47 43 43 43 43 40 40 40 40 34 34 34 34 37 37 37 37 32 32 32 32 38 38 38 38 40 40 40 40 38 38 38 38 39 39 39 39 38 38 38 38 38 38 38 38 34 34 34 34 36 36 36 36 38 38 38 38 32 32 32 32 30 30 30 30 31 31 31 31 33 33 33 33 32 32 32 32
58 58 58 58 65 65 65 65 61 61 61 61 55 55 55 55 47 47 47 47 43 43 43 43 40 40 40 40 34 34 34 34 37 37 37 37 32 32 32 32 38 38 38 38 40 40 40 40 38 38 38 38 39 39 39 39 38 38 38 38 38 38 38 38 34 34 34 34 36 36 36 36 38 38 38 38 32 32 32 32 30 30 30 30 31 31 31 31 33 33 33 33 32 32 32 32
58 58 58 58 65 65 65 65 61 61 61 61 55 55 55 55 47 47 47 47 43 43 43 43 40 40 40 40 34 34 34 34 37 37 37 37 32 32 32 32 38 38 38 38 40 40 40 40 38 38 38 38 39 39 39 39 38 38 38 38 38 38 38 38 34 34 34 34 36 36 36 36 38 38 38 38 32 32 32 32 30 30 30 30 31 31 31 31 33 33 33 33 32 32 32 32
58 58 58 58 65 65 65 65 61 61 61 61 55 55 55 55 47 47 47 47 43 43 43 43 40 40 40 40 34 34 34 34 37 37 37 37 32 32 32 32 38 38 38 38 40 40 40 40 38 38 38 38 39 39 39 39 38 38 38 38 38 38 38 38 34 34 34 34 36 36 36 36 38 38 38 38 32 32 32 32 30 30 30 30 31 31 31 31 33 33 33 33 32 32 32 32
63 63 63 63 65 65 65 65 64 64 64 64 48 48 48 48 44 44 44 44 37 37 37 37 33 33 33 33 32 32 32 32 32 32 32 32 33 33 33 33 32 32 32 32 38 38 38 38 36 36 36 36 38 38 38 38 38 38 38 38 36 36 36 36 34 34 34 34 32 32 32 32 38 38 38 38 36 36 36 36 33 33 33 33 30 30 30 30 30 30 30 30 30 30 30 30
63 63 63 63 65 65 65 65 64 64 64 64 48 48 48 48 44 44 44 44 37 37 37 37 33 33 33 33 32 32 32 32 32 32 32 32 33 33 33 33 32 32 32 32 38 38 38 38 36 36 36 36 38 38 38 38 38 38 38 38 36 36 36 36 34 34 34 34 32 32 32 32 38 38 38 38 36 36 36 36 33 33 33 33 30 30 30 30 30 30 30 30 30 30 30 30
63 63 63 63 65 65 65 65 64 64 64 64 48 48 48 48 44 44 44 44 37 37 37 37 33 33 33 33 32 32 32 32 32 32 32 32 33 33 33 33 32 32 32 32 38 38 38 38 36 36 36 36 38 38 38 38 38 38 38 38 36 36 36 36 34 34 34 34 32 32 32 32 38 38 38 38 36 36 36 36 33 33 33 33 30 30 30 30 30 30 30 30 30 30 30 30
63 63 63 63 65 65 65 65 64 64 64 64 48 48 48 48 44 44 44 44 37 37 37 37 33 33 33 33 32 32 32 32 32 32 32 32 33 33 33 33 32 32 32 32 38 38 38 38 36 36 36 36 38 38 38 38 38 38 38 38 36 36 36 36 34 34 34 34 32 32 32 32 38 38 38 38 36 36 36 36 33 33 33 33 30 30 30 30 30 30 30 30 30 30 30 30
67 67 67 67 61 61 61 61 58 58 58 58 51 51 51 51 43 43 43 43 40 40 40 40 40 40 40 40 32 32 32 32 30 30 30 30 33 33 33 33 30 30 30 30 30 30 30 30 30 30 30 30 30 30 30 30 32 32 32 32 32 32 32 32 32 32 32 32 32 32 32 32 36 36 36 36 36 36 36 36 34 34 34 34 32 32 32 32 30 30 30 30 27 27 27 27
67 67 67 67 61 61 61 61 58 58 58 58 51 51 51 51 43 43 43 43 40 40 40 40 40 40 40 40 32 32 32 32 30 30 30 30 33 33 33 33 30 30 30 30 30 30 30 30 30 30 30 30 30 30 30 30 32 32 32 32 32 32 32 32 32 32 32 32 32 32 32 32 36 36 36 36 36 36 36 36 34 34 34 34 32 32 32 32 30 30 30 30 27 27 27 27
67 67 67 67 61 61 61 61 58 58 58 58 51 51 51 51 43 43 43 43 40 40 40 40 40 40 40 40 32 32 32 32 30 30 30 30 33 33 33 33 30 30 30 30 30 30 30 30 30 30 30 30 30 30 30 30 32 32 32 32 32 32 32 32 32 32 32 32 32 32 32 32 36 36 36 36 36 36 36 36 34 34 34 34 32 32 32 32 30 30 30 30 27 27 27 27
67 67 67 67 61 61 61 61 58 58 58 58 51 51 51 51 43 43 43 43 40 40 40 40 40 40 40 40 32 32 32 32 30 30 30 30 33 33 33 33 30 30 30 30 30 30 30 30 30 30 30 30 30 30 30 30 32 32 32 32 32 32 32 32 32 32 32 32 32 32 32 32 36 36 36 36 36 36 36 36 34 34 34 34 32 32 32 32 30 30 30 30 27 27 27 27
67 67 67 67 58 58 58 58 51 51 51 51 45 45 45 45 42 42 42 42 37 37 37 37 38 38 38 38 32 32 32 32 30 30 30 30 30 30 30 30 30 30 30 30 31 31 31 31 30 30 30 30 31 31 31 31 32 32 32 32 33 33 33 33 33 33 33 33 30 30 30 30 32 32 32 32 36 36 36 36 32 32 32 32 32 32 32 32 31 31 31 31 30 30 30 30
67 67 67 67 58 58 58 58 51 51 51 51 45 45 45 45 42 42 42 42 37 37 37 37 38 38 38 38 32 32 32 32 30 30 30 30 30 30 30 30 30 30 30 30 31 31 31 31 30 30 30 30 31 31 31 31 32 32 32 32 33 33 33 33 33 33 33 33 30 30 30 30 32 32 32 32 36 36 36 36 32 32 32 32 32 32 32 32 31 31 31 31 30 30 30 30
67 67 67 67 58 58 58 58 51 51 51 51 45 45 45 45 42 42 42 42 37 37 37 37 38 38 38 38 32 32 32 32 30 30 30 30 30 30 30 30 30 30 30 30 31 31 31 31 30 30 30 30 31 31 31 31 32 32 32 32 33 33 33 33 33 33 33 33 30 30 30 30 32 32 32 32 36 36 36 36 32 32 32 32 32 32 32 32 31 31 31 31 30 30 30 30
67 67 67 67 58 58 58 58 51 51 51 51 45 45 45 45 42 42 42 42 37 37 37 37 38 38 38 38 32 32 32 32 30 30 30 30 30 30 30 30 30 30 30 30 31 31 31 31 30 30 30 30 31 31 31 31 32 32 32 32 33 33 33 33 33 33 33 33 30 30 30 30 32 32 32 32 36 36 36 36 32 32 32 32 32 32 32 32 31 31 31 31 30 30 30 30
61 61 61 61 59 59 59 59 57 57 57 57 47 47 47 47 40 40 40 40 37 37 37 37 38 38 38 38 34 34 34 34 30 30 30 30 30 30 30 30 27 27 27 27 29 29 29 29 31 31 31 31 27 27 27 27 31 31 31 31 33 33 33 33 31 31 31 31 30 30 30 30 30 30 30 30 30 30 30 30 32 32 32 32 36 36 36 36 31 31 31 31 31 31 31 31
61 61 61 61 59 59 59 59 57 57 57 57 47 47 47 47 40 40 40 40 37 37 37 37 38 38 38 38 34 34 34 34 30 30 30 30 30 30 30 30 27 27 27 27 29 29 29 29 31 31 31 31 27 27 27 27 31 31 31 31 33 33 33 33 31 31 31 31 30 30 30 30 30 30 30 30 30 30 30 30 32 32 32 32 36 36 36 36 31 31 31 31 31 31 31 31
61 61 61 61 59 59 59 59 57 57 57 57 47 47 47 47 40 40 40 40 37 37 37 37 38 38 38 38 34 34 34 34 30 30 30 30 30 30 30 30 27 27 27 27 29 29 29 29 31 31 31 31 27 27 27 27 31 31 31 31 33 33 33 33 31 31 31 31 30 30 30 30 30 30 30 30 30 30 30 30 32 32 32 32 36 36 36 36 31 31 31 31 31 31 31 31
61 61 61 61 59 59 59 59 57 57 57 57 47 47 47 47 40 40 40 40 37 37 37 37 38 38 38 38 34 34 34 34 30 30 30 30 30 30 30 30 27 27 27 27 29 29 29 29 31 31 31 31 27 27 27 27 31 31 31 31 33 33 33 33 31 31 31 31 30 30 30 30 30 30 30 30 30 30 30 30 32 32 32 32 36 36 36 36 31 31 31 31 31 31 31 31
54 54 54 54 50 50 50 50 54 54 54 54 47 47 47 47 43 43 43 43 37 37 37 37 40 40 40 40 32 32 32 32 32 32 32 32 30 30 30 30 27 27 27 27 31 31 31 31 27 27 27 27 27 27 27 27 31 31 31 31 31 31 31 31 30 30 30 30 27 27 27 27 32 32 32 32 30 30 30 30 30 30 30 30 32 32 32 32 30 30 30 30 30 30 30 30
54 54 54 54 50 50 50 50 54 54 54 54 47 47 47 47 43 43 43 43 37 37 37 37 40 40 40 40 32 32 32 32 32 32 32 32 30 30 30 30 27 27 27 27 31 31 31 31 27 27 27 27 27 27 27 27 31 31 31 31 31 31 31 31 30 30 30 30 27 27 27 27 32 32 32 32 30 30 30 30 30 30 30 30 32 32 32 32 30 30 30 30 30 30 30 30
54 54 54 54 50 50 50 50 54 54 54 54 47 47 47 47 43 43 43 43 37 37 37 37 40 40 40 40 32 32 32 32 32 32 32 32 30 30 30 30 27 27 27 27 31 31 31 31 27 27 27 27 27 27 27 27 31 31 31 31 31 31 31 31 30 30 30 30 27 27 27 27 32 32 32 32 30 30 30 30 30 30 30 30 32 32 32 32 30 30 30 30 30 30 30 30
54 54 54 54 50 50 50 50 54 54 54 54 47 47 47 47 43 43 43 43 37 37 37 37 40 40 40 40 32 32 32 32 32 32 32 32 30 30 30 30 27 27 27 27 31 31 31 31 27 27 27 27 27 27 27 27 31 31 31 31 31 31 31 31 30 30 30 30 27 27 27 27 32 32 32 32 30 30 30 30 30 30 30 30 32 32 32 32 30 30 30 30 30 30 30 30
45 45 45 45 46 46 46 46 52 52 52 52 57 57 57 57 51 51 51 51 45 45 45 45 38 38 38 38 32 32 32 32 32 32 32 32 31 31 31 31 31 31 31 31 29 29 29 29 27 27 27 27 21 21 21 21 29 29 29 29 31 31 31 31 29 29 29 29 27 27 27 27 30 30 30 30 31 31 31 31 30 30 30 30 30 30 30 30 30 30 30 30 31 31 31 31
45 45 45 45 46 46 46 46 52 52 52 52 57 57 57 57 51 51 51 51 45 45 45 45 38 38 38 38 32 32 32 32 32 32 32 32 31 31 31 31 31 31 31 31 29 29 29 29 27 27 27 27 21 21 21 21 29 29 29 29 31 31 31 31 29 29 29 29 27 27 27 27 30 30 30 30 31 31 31 31 30 30 30 30 30 30 30 30 30 30 30 30 31 31 31 31
45 45 45 45 46 46 46 46 52 52 52 52 57 57 57 57 51 51 51 51 45 45 45 45 38 38 38 38 32 32 32 32 32 32 32 32 31 31 31 31 31 31 31 31 29 29 29 29 27 27 27 27 21 21 21 21 29 29 29 29 31 31 31 31 29 29 29 29 27 27 27 27 30 30 30 30 31 31 31 31 30 30 30 30 30 30 30 30 30 30 30 30 31 31 31 31
45 45 45 45 46 46 46 46 52 52 52 52 57 57 57 57 51 51 51 51 45 45 45 45 38 38 38 38 32 32 32 32 32 32 32 32 31 31 31 31 31 31 31 31 29 29 29 29 27 27 27 27 21 21 21 21 29 29 29 29 31 31 31 31 29 29 29 29 27 27 27 27 30 30 30 30 31 31 31 31 30 30 30 30 30 30 30 30 30 30 30 30 31 31 31 31
40 40 40 40 43 43 43 43 46 46 46 46 55 55 55 55 55 55 55 55 47 47 47 47 41 41 41 41 34 34 34 34 32 32 32 32 31 31 31 31 27 27 27 27 31 31 31 31 28 28 28 28 27 27 27 27 27 27 27 27 27 27 27 27 31 31 31 31 31 31 31 31 30 30 30 30 31 31 31 31 30 30 30 30 30 30 30 30 30 30 30 30 30 30 30 30
40 40 40 40 43 43 43 43 46 46 46 46 55 55 55 55 55 55 55 55 47 47 47 47 41 41 41 41 34 34 34 34 32 32 32 32 31 31 31 31 27 27 27 27 31 31 31 31 28 28 28 28 27 27 27 27 27 27 27 27 27 27 27 27 31 31 31 31 31 31 31 31 30 30 30 30 31 31 31 31 30 30 30 30 30 30 30 30 30 30 30 30 30 30 30 30
40 40 40 40 43 43 43 43 46 46 46 46 55 55 55 55 55 55 55 55 47 47 47 47 41 41 41 41 34 34 34 34 32 32 32 32 31 31 31 31 27 27 27 27 31 31 31 31 28 28 28 28 27 27 27 27 27 27 27 27 27 27 27 27 31 31 31 31 31 31 31 31 30 30 30 30 31 31 31 31 30 30 30 30 30 30 30 30 30 30 30 30 30 30 30 30
