EU_test_data/Budapest/budapest_elevation.asc
ncols         400
nrows         400
xllcorner     4966250
yllcorner     2686500
cellsize      250
NODATA_value  -9999
[rows 110 to 164 of 400, columns 96 to 191 of 400]
102 102 102 102 77 77 77 77 48 48 48 48 45 45 45 45 38 38 38 38 30 30 30 30 33 33 33 33 32 32 32 32 38 38 38 38 38 38 38 38 38 38 38 38 40 40 40 40 41 41 41 41 40 40 40 40 40 40 40 40 42 42 42 42 41 41 41 41 43 43 43 43 45 45 45 45 49 49 49 49 55 55 55 55 51 51 51 51 47 47 47 47 47 47 47 47
102 102 102 102 77 77 77 77 48 48 48 48 45 45 45 45 38 38 38 38 30 30 30 30 33 33 33 33 32 32 32 32 38 38 38 38 38 38 38 38 38 38 38 38 40 40 40 40 41 41 41 41 40 40 40 40 40 40 40 40 42 42 42 42 41 41 41 41 43 43 43 43 45 45 45 45 49 49 49 49 55 55 55 55 51 51 51 51 47 47 47 47 47 47 47 47
102 102 102 102 77 77 77 77 48 48 48 48 45 45 45 45 38 38 38 38 30 30 30 30 33 33 33 33 32 32 32 32 38 38 38 38 38 38 38 38 38 38 38 38 40 40 40 40 41 41 41 41 40 40 40 40 40 40 40 40 42 42 42 42 41 41 41 41 43 43 43 43 45 45 45 45 49 49 49 49 55 55 55 55 51 51 51 51 47 47 47 47 47 47 47 47
88 88 88 88 70 70 70 70 45 45 45 45 40 40 40 40 42 42 42 42 27 27 27 27 33 33 33 33 32 32 32 32 38 38 38 38 38 38 38 38 38 38 38 38 41 41 41 41 43 43 43 43 44 44 44 44 44 44 44 44 43 43 43 43 42 42 42 42 42 42 42 42 43 43 43 43 43 43 43 43 44 44 44 44 45 45 45 45 48 48 48 48 55 55 55 55
88 88 88 88 70 70 70 70 45 45 45 45 40 40 40 40 42 42 42 42 27 27 27 27 33 33 33 33 32 32 32 32 38 38 38 38 38 38 38 38 38 38 38 38 41 41 41 41 43 43 43 43 44 44 44 44 44 44 44 44 43 43 43 43 42 42 42 42 42 42 42 42 43 43 43 43 43 43 43 43 44 44 44 44 45 45 45 45 48 48 48 48 55 55 55 55
88 88 88 88 70 70 70 70 45 45 45 45 40 40 40 40 42 42 42 42 27 27 27 27 33 33 33 33 32 32 32 32 38 38 38 38 38 38 38 38 38 38 38 38 41 41 41 41 43 43 43 43 44 44 44 44 44 44 44 44 43 43 43 43 42 42 42 42 42 42 42 42 43 43 43 43 43 43 43 43 44 44 44 44 45 45 45 45 48 48 48 48 55 55 55 55
88 88 88 88 70 70 70 70 45 45 45 45 40 40 40 40 42 42 42 42 27 27 27 27 33 33 33 33 32 32 32 32 38 38 38 38 38 38 38 38 38 38 38 38 41 41 41 41 43 43 43 43 44 44 44 44 44 44 44 44 43 43 43 43 42 42 42 42 42 42 42 42 43 43 43 43 43 43 43 43 44 44 44 44 45 45 45 45 48 48 48 48 55 55 55 55
70 70 70 70 56 56 56 56 39 39 39 39 33 33 33 33 32 32 32 32 27 27 27 27 30 30 30 30 32 32 32 32 34 34 34 34 38 38 38 38 38 38 38 38 40 40 40 40 43 43 43 43 45 45 45 45 48 48 48 48 47 47 47 47 45 45 45 45 44 44 44 44 45 45 45 45 46 46 46 46 47 47 47 47 48 48 48 48 55 55 55 55 61 61 61 61
70 70 70 70 56 56 56 56 39 39 39 39 33 33 33 33 32 32 32 32 27 27 27 27 30 30 30 30 32 32 32 32 34 34 34 34 38 38 38 38 38 38 38 38 40 40 40 40 43 43 43 43 45 45 45 45 48 48 48 48 47 47 47 47 45 45 45 45 44 44 44 44 45 45 45 45 46 46 46 46 47 47 47 47 48 48 48 48 55 55 55 55 61 61 61 61
70 70 70 70 56 56 56 56 39 39 39 39 33 33 33 33 32 32 32 32 27 27 27 27 30 30 30 30 32 32 32 32 34 34 34 34 38 38 38 38 38 38 38 38 40 40 40 40 43 43 43 43 45 45 45 45 48 48 48 48 47 47 47 47 45 45 45 45 44 44 44 44 45 45 45 45 46 46 46 46 47 47 47 47 48 48 48 48 55 55 55 55 61 61 61 61
70 70 70 70 56 56 56 56 39 39 39 39 33 33 33 33 32 32 32 32 27 27 27 27 30 30 30 30 32 32 32 32 34 34 34 34 38 38 38 38 38 38 38 38 40 40 40 40 43 43 43 43 45 45 45 45 48 48 48 48 47 47 47 47 45 45 45 45 44 44 44 44 45 45 45 45 46 46 46 46 47 47 47 47 48 48 48 48 55 55 55 55 61 61 61 61
55 55 55 55 43 43 43 43 34 34 34 34 30 30 30 30 30 30 30 30 29 29 29 29 30 30 30 30 32 32 32 32 34 34 34 34 34 34 34 34 34 34 34 34 38 38 38 38 40 40 40 40 43 43 43 43 48 48 48 48 47 47 47 47 45 45 45 45 44 44 44 44 45 45 45 45 48 48 48 48 49 49 49 49 48 48 48 48 55 55 55 55 62 62 62 62
55 55 55 55 43 43 43 43 34 34 34 34 30 30 30 30 30 30 30 30 29 29 29 29 30 30 30 30 32 32 32 32 34 34 34 34 34 34 34 34 34 34 34 34 38 38 38 38 40 40 40 40 43 43 43 43 48 48 48 48 47 47 47 47 45 45 45 45 44 44 44 44 45 45 45 45 48 48 48 48 49 49 49 49 48 48 48 48 55 55 55 55 62 62 62 62
55 55 55 55 43 43 43 43 34 34 34 34 30 30 30 30 30 30 30 30 29 29 29 29 30 30 30 30 32 32 32 32 34 34 34 34 34 34 34 34 34 34 34 34 38 38 38 38 40 40 40 40 43 43 43 43 48 48 48 48 47 47 47 47 45 45 45 45 44 44 44 44 45 45 45 45 48 48 48 48 49 49 49 49 48 48 48 48 55 55 55 55 62 62 62 62
55 55 55 55 43 43 43 43 34 34 34 34 30 30 30 30 30 30 30 30 29 29 29 29 30 30 30 30 32 32 32 32 34 34 34 34 34 34 34 34 34 34 34 34 38 38 38 38 40 40 40 40 43 43 43 43 48 48 48 48 47 47 47 47 45 45 45 45 44 44 44 44 45 45 45 45 48 48 48 48 49 49 49 49 48 48 48 48 55 55 55 55 62 62 62 62
45 45 45 45 38 38 38 38 32 32 32 32 33 33 33 33 30 30 30 30 31 31 31 31 30 30 30 30 32 32 32 32 34 34 34 34 34 34 34 34 34 34 34 34 38 38 38 38 39 39 39 39 40 40 40 40 44 44 44 44 47 47 47 47 45 45 45 45 43 43 43 43 45 45 45 45 48 48 48 48 49 49 49 49 45 45 45 45 47 47 47 47 57 57 57 57
45 45 45 45 38 38 38 38 32 32 32 32 33 33 33 33 30 30 30 30 31 31 31 31 30 30 30 30 32 32 32 32 34 34 34 34 34 34 34 34 34 34 34 34 38 38 38 38 39 39 39 39 40 40 40 40 44 44 44 44 47 47 47 47 45 45 45 45 43 43 43 43 45 45 45 45 48 48 48 48 49 49 49 49 45 45 45 45 47 47 47 47 57 57 57 57
45 45 45 45 38 38 38 38 32 32 32 32 33 33 33 33 30 30 30 30 31 31 31 31 30 30 30 30 32 32 32 32 34 34 34 34 34 34 34 34 34 34 34 34 38 38 38 38 39 39 39 39 40 40 40 40 44 44 44 44 47 47 47 47 45 45 45 45 43 43 43 43 45 45 45 45 48 48 48 48 49 49 49 49 45 45 45 45 47 47 47 47 57 57 57 57
45 45 45 45 38 38 38 38 32 32 32 32 33 33 33 33 30 30 30 30 31 31 31 31 30 30 30 30 32 32 32 32 34 34 34 34 34 34 34 34 34 34 34 34 38 38 38 38 39 39 39 39 40 40 40 40 44 44 44 44 47 47 47 47 45 45 45 45 43 43 43 43 45 45 45 45 48 48 48 48 49 49 49 49 45 45 45 45 47 47 47 47 57 57 57 57
48 48 48 48 41 41 41 41 40 40 40 40 30 30 30 30 31 31 31 31 33 33 33 33 30 30 30 30 30 30 30 30 38 38 38 38 38 38 38 38 38 38 38 38 38 38 38 38 39 39 39 39 40 40 40 40 44 44 44 44 45 45 45 45 43 43 43 43 43 43 43 43 44 44 44 44 46 46 46 46 48 48 48 48 44 44 44 44 43 43 43 43 47 47 47 47
48 48 48 48 41 41 41 41 40 40 40 40 30 30 30 30 31 31 31 31 33 33 33 33 30 30 30 30 30 30 30 30 38 38 38 38 38 38 38 38 38 38 38 38 38 38 38 38 39 39 39 39 40 40 40 40 44 44 44 44 45 45 45 45 43 43 43 43 43 43 43 43 44 44 44 44 46 46 46 46 48 48 48 48 44 44 44 44 43 43 43 43 47 47 47 47
48 48 48 48 41 41 41 41 40 40 40 40 30 30 30 30 31 31 31 31 33 33 33 33 30 30 30 30 30 30 30 30 38 38 38 38 38 38 38 38 38 38 38 38 38 38 38 38 39 39 39 39 40 40 40 40 44 44 44 44 45 45 45 45 43 43 43 43 43 43 43 43 44 44 44 44 46 46 46 46 48 48 48 48 44 44 44 44 43 43 43 43 47 47 47 47
48 48 48 48 41 41 41 41 40 40 40 40 30 30 30 30 31 31 31 31 33 33 33 33 30 30 30 30 30 30 30 30 38 38 38 38 38 38 38 38 38 38 38 38 38 38 38 38 39 39 39 39 40 40 40 40 44 44 44 44 45 45 45 45 43 43 43 43 43 43 43 43 44 44 44 44 46 46 46 46 48 48 48 48 44 44 44 44 43 43 43 43 47 47 47 47
72 72 72 72 67 67 67 67 59 59 59 59 32 32 32 32 27 27 27 27 33 33 33 33 32 32 32 32 30 30 30 30 38 38 38 38 38 38 38 38 38 38 38 38 38 38 38 38 39 39 39 39 40 40 40 40 45 45 45 45 44 44 44 44 42 42 42 42 42 42 42 42 43 43 43 43 44 44 44 44 47 47 47 47 44 44 44 44 41 41 41 41 45 45 45 45
72 72 72 72 67 67 67 67 59 59 59 59 32 32 32 32 27 27 27 27 33 33 33 33 32 32 32 32 30 30 30 30 38 38 38 38 38 38 38 38 38 38 38 38 38 38 38 38 39 39 39 39 40 40 40 40 45 45 45 45 44 44 44 44 42 42 42 42 42 42 42 42 43 43 43 43 44 44 44 44 47 47 47 47 44 44 44 44 41 41 41 41 45 45 45 45
72 72 72 72 67 67 67 67 59 59 59 59 32 32 32 32 27 27 27 27 33 33 33 33 32 32 32 32 30 30 30 30 38 38 38 38 38 38 38 38 38 38 38 38 38 38 38 38 39 39 39 39 40 40 40 40 45 45 45 45 44 44 44 44 42 42 42 42 42 42 42 42 43 43 43 43 44 44 44 44 47 47 47 47 44 44 44 44 41 41 41 41 45 45 45 45
72 72 72 72 67 67 67 67 59 59 59 59 32 32 32 32 27 27 27 27 33 33 33 33 32 32 32 32 30 30 30 30 38 38 38 38 38 38 38 38 38 38 38 38 38 38 38 38 39 39 39 39 40 40 40 40 45 45 45 45 44 44 44 44 42 42 42 42 42 42 42 42 43 43 43 43 44 44 44 44 47 47 47 47 44 44 44 44 41 41 41 41 45 45 45 45
77 77 77 77 63 63 63 63 58 58 58 58 40 40 40 40 27 27 27 27 34 34 34 34 36 36 36 36 33 33 33 33 32 32 32 32 38 38 38 38 38 38 38 38 38 38 38 38 38 38 38 38 39 39 39 39 42 42 42 42 41 41 41 41 43 43 43 43 43 43 43 43 42 42 42 42 43 43 43 43 45 45 45 45 43 43 43 43 40 40 40 40 42 42 42 42
77 77 77 77 63 63 63 63 58 58 58 58 40 40 40 40 27 27 27 27 34 34 34 34 36 36 36 36 33 33 33 33 32 32 32 32 38 38 38 38 38 38 38 38 38 38 38 38 38 38 38 38 39 39 39 39 42 42 42 42 41 41 41 41 43 43 43 43 43 43 43 43 42 42 42 42 43 43 43 43 45 45 45 45 43 43 43 43 40 40 40 40 42 42 42 42
77 77 77 77 63 63 63 63 58 58 58 58 40 40 40 40 27 27 27 27 34 34 34 34 36 36 36 36 33 33 33 33 32 32 32 32 38 38 38 38 38 38 38 38 38 38 38 38 38 38 38 38 39 39 39 39 42 42 42 42 41 41 41 41 43 43 43 43 43 43 43 43 42 42 42 42 43 43 43 43 45 45 45 45 43 43 43 43 40 40 40 40 42 42 42 42
77 77 77 77 63 63 63 63 58 58 58 58 40 40 40 40 27 27 27 27 34 34 34 34 36 36 36 36 33 33 33 33 32 32 32 32 38 38 38 38 38 38 38 38 38 38 38 38 38 38 38 38 39 39 39 39 42 42 42 42 41 41 41 41 43 43 43 43 43 43 43 43 42 42 42 42 43 43 43 43 45 45 45 45 43 43 43 43 40 40 40 40 42 42 42 42
69 69 69 69 55 55 55 55 46 46 46 46 37 37 37 37 29 29 29 29 33 33 33 33 33 33 33 33 33 33 33 33 33 33 33 33 38 38 38 38 38 38 38 38 38 38 38 38 38 38 38 38 39 39 39 39 40 40 40 40 40 40 40 40 41 41 41 41 42 42 42 42 40 40 40 40 40 40 40 40 43 43 43 43 40 40 40 40 39 39 39 39 37 37 37 37
69 69 69 69 55 55 55 55 46 46 46 46 37 37 37 37 29 29 29 29 33 33 33 33 33 33 33 33 33 33 33 33 33 33 33 33 38 38 38 38 38 38 38 38 38 38 38 38 38 38 38 38 39 39 39 39 40 40 40 40 40 40 40 40 41 41 41 41 42 42 42 42 40 40 40 40 40 40 40 40 43 43 43 43 40 40 40 40 39 39 39 39 37 37 37 37
69 69 69 69 55 55 55 55 46 46 46 46 37 37 37 37 29 29 29 29 33 33 33 33 33 33 33 33 33 33 33 33 33 33 33 33 38 38 38 38 38 38 38 38 38 38 38 38 38 38 38 38 39 39 39 39 40 40 40 40 40 40 40 40 41 41 41 41 42 42 42 42 40 40 40 40 40 40 40 40 43 43 43 43 40 40 40 40 39 39 39 39 37 37 37 37
69 69 69 69 55 55 55 55 46 46 46 46 37 37 37 37 29 29 29 29 33 33 33 33 33 33 33 33 33 33 33 33 33 33 33 33 38 38 38 38 38 38 38 38 38 38 38 38 38 38 38 38 39 39 39 39 40 40 40 40 40 40 40 40 41 41 41 41 42 42 42 42 40 40 40 40 40 40 40 40 43 43 43 43 40 40 40 40 39 39 39 39 37 37 37 37
59 59 59 59 43 43 43 43 30 30 30 30 31 31 31 31 29 29 29 29 31 31 31 31 30 30 30 30 33 33 33 33 33 33 33 33 36 36 36 36 38 38 38 38 38 38 38 38 38 38 38 38 38 38 38 38 39 39 39 39 41 41 41 41 40 40 40 40 40 40 40 40 39 39 39 39 39 39 39 39 41 41 41 41 37 37 37 37 39 39 39 39 38 38 38 38
59 59 59 59 43 43 43 43 30 30 30 30 31 31 31 31 29 29 29 29 31 31 31 31 30 30 30 30 33 33 33 33 33 33 33 33 36 36 36 36 38 38 38 38 38 38 38 38 38 38 38 38 38 38 38 38 39 39 39 39 41 41 41 41 40 40 40 40 40 40 40 40 39 39 39 39 39 39 39 39 41 41 41 41 37 37 37 37 39 39 39 39 38 38 38 38
59 59 59 59 43 43 43 43 30 30 30 30 31 31 31 31 29 29 29 29 31 31 31 31 30 30 30 30 33 33 33 33 33 33 33 33 36 36 36 36 38 38 38 38 38 38 38 38 38 38 38 38 38 38 38 38 39 39 39 39 41 41 41 41 40 40 40 40 40 40 40 40 39 39 39 39 39 39 39 39 41 41 41 41 37 37 37 37 39 39 39 39 38 38 38 38
59 59 59 59 43 43 43 43 30 30 30 30 31 31 31 31 29 29 29 29 31 31 31 31 30 30 30 30 33 33 33 33 33 33 33 33 36 36 36 36 38 38 38 38 38 38 38 38 38 38 38 38 38 38 38 38 39 39 39 39 41 41 41 41 40 40 40 40 40 40 40 40 39 39 39 39 39 39 39 39 41 41 41 41 37 37 37 37 39 39 39 39 38 38 38 38
43 43 43 43 30 30 30 30 27 27 27 27 25 25 25 25 27 27 27 27 31 31 31 31 31 31 31 31 30 30 30 30 30 30 30 30 32 32 32 32 34 34 34 34 34 34 34 34 38 38 38 38 38 38 38 38 38 38 38 38 37 37 37 37 37 37 37 37 39 39 39 39 38 38 38 38 38 38 38 38 38 38 38 38 38 38 38 38 38 38 38 38 38 38 38 38
43 43 43 43 30 30 30 30 27 27 27 27 25 25 25 25 27 27 27 27 31 31 31 31 31 31 31 31 30 30 30 30 30 30 30 30 32 32 32 32 34 34 34 34 34 34 34 34 38 38 38 38 38 38 38 38 38 38 38 38 37 37 37 37 37 37 37 37 39 39 39 39 38 38 38 38 38 38 38 38 38 38 38 38 38 38 38 38 38 38 38 38 38 38 38 38
43 43 43 43 30 30 30 30 27 27 27 27 25 25 25 25 27 27 27 27 31 31 31 31 31 31 31 31 30 30 30 30 30 30 30 30 32 32 32 32 34 34 34 34 34 34 34 34 38 38 38 38 38 38 38 38 38 38 38 38 37 37 37 37 37 37 37 37 39 39 39 39 38 38 38 38 38 38 38 38 38 38 38 38 38 38 38 38 38 38 38 38 38 38 38 38
43 43 43 43 30 30 30 30 27 27 27 27 25 25 25 25 27 27 27 27 31 31 31 31 31 31 31 31 30 30 30 30 30 30 30 30 32 32 32 32 34 34 34 34 34 34 34 34 38 38 38 38 38 38 38 38 38 38 38 38 37 37 37 37 37 37 37 37 39 39 39 39 38 38 38 38 38 38 38 38 38 38 38 38 38 38 38 38 38 38 38 38 38 38 38 38
33 33 33 33 29 29 29 29 27 27 27 27 28 28 28 28 27 27 27 27 27 27 27 27 31 31 31 31 30 30 30 30 30 30 30 30 30 30 30 30 32 32 32 32 32 32 32 32 36 36 36 36 36 36 36 36 34 34 34 34 34 34 34 34 38 38 38 38 38 38 38 38 38 38 38 38 36 36 36 36 34 34 34 34 36 36 36 36 34 34 34 34 38 38 38 38
33 33 33 33 29 29 29 29 27 27 27 27 28 28 28 28 27 27 27 27 27 27 27 27 31 31 31 31 30 30 30 30 30 30 30 30 30 30 30 30 32 32 32 32 32 32 32 32 36 36 36 36 36 36 36 36 34 34 34 34 34 34 34 34 38 38 38 38 38 38 38 38 38 38 38 38 36 36 36 36 34 34 34 34 36 36 36 36 34 34 34 34 38 38 38 38
33 33 33 33 29 29 29 29 27 27 27 27 28 28 28 28 27 27 27 27 27 27 27 27 31 31 31 31 30 30 30 30 30 30 30 30 30 30 30 30 32 32 32 32 32 32 32 32 36 36 36 36 36 36 36 36 34 34 34 34 34 34 34 34 38 38 38 38 38 38 38 38 38 38 38 38 36 36 36 36 34 34 34 34 36 36 36 36 34 34 34 34 38 38 38 38
33 33 33 33 29 29 29 29 27 27 27 27 28 28 28 28 27 27 27 27 27 27 27 27 31 31 31 31 30 30 30 30 30 30 30 30 30 30 30 30 32 32 32 32 32 32 32 32 36 36 36 36 36 36 36 36 34 34 34 34 34 34 34 34 38 38 38 38 38 38 38 38 38 38 38 38 36 36 36 36 34 34 34 34 36 36 36 36 34 34 34 34 38 38 38 38
31 31 31 31 27 27 27 27 31 31 31 31 31 31 31 31 31 31 31 31 31 31 31 31 31 31 31 31 31 31 31 31 31 31 31 31 33 33 33 33 33 33 33 33 33 33 33 33 33 33 33 33 32 32 32 32 32 32 32 32 32 32 32 32 32 32 32 32 32 32 32 32 36 36 36 36 32 32 32 32 32 32 32 32 36 36 36 36 36 36 36 36 34 34 34 34
31 31 31 31 27 27 27 27 31 31 31 31 31 31 31 31 31 31 31 31 31 31 31 31 31 31 31 31 31 31 31 31 31 31 31 31 33 33 33 33 33 33 33 33 33 33 33 33 33 33 33 33 32 32 32 32 32 32 32 32 32 32 32 32 32 32 32 32 32 32 32 32 36 36 36 36 32 32 32 32 32 32 32 32 36 36 36 36 36 36 36 36 34 34 34 34
31 31 31 31 27 27 27 27 31 31 31 31 31 31 31 31 31 31 31 31 31 31 31 31 31 31 31 31 31 31 31 31 31 31 31 31 33 33 33 33 33 33 33 33 33 33 33 33 33 33 33 33 32 32 32 32 32 32 32 32 32 32 32 32 32 32 32 32 32 32 32 32 36 36 36 36 32 32 32 32 32 32 32 32 36 36 36 36 36 36 36 36 34 34 34 34
31 31 31 31 27 27 27 27 31 31 31 31 31 31 31 31 31 31 31 31 31 31 31 31 31 31 31 31 31 31 31 31 31 31 31 31 33 33 33 33 33 33 33 33 33 33 33 33 33 33 33 33 32 32 32 32 32 32 32 32 32 32 32 32 32 32 32 32 32 32 32 32 36 36 36 36 32 32 32 32 32 32 32 32 36 36 36 36 36 36 36 36 34 34 34 34
38 38 38 38 30 30 30 30 30 30 30 30 30 30 30 30 30 30 30 30 30 30 30 30 30 30 30 30 30 30 30 30 30 30 30 30 33 33 33 33 33 33 33 33 30 30 30 30 30 30 30 30 30 30 30 30 30 30 30 30 33 33 33 33 33 33 33 33 33 33 33 33 33 33 33 33 32 32 32 32 32 32 32 32 32 32 32 32 32 32 32 32 36 36 36 36
38 38 38 38 30 30 30 30 30 30 30 30 30 30 30 30 30 30 30 30 30 30 30 30 30 30 30 30 30 30 30 30 30 30 30 30 33 33 33 33 33 33 33 33 30 30 30 30 30 30 30 30 30 30 30 30 30 30 30 30 33 33 33 33 33 33 33 33 33 33 33 33 33 33 33 33 32 32 32 32 32 32 32 32 32 32 32 32 32 32 32 32 36 36 36 36
38 38 38 38 30 30 30 30 30 30 30 30 30 30 30 30 30 30 30 30 30 30 30 30 30 30 30 30 30 30 30 30 30 30 30 30 33 33 33 33 33 33 33 33 30 30 30 30 30 30 30 30 30 30 30 30 30 30 30 30 33 33 33 33 33 33 33 33 33 33 33 33 33 33 33 33 32 32 32 32 32 32 32 32 32 32 32 32 32 32 32 32 36 36 36 36
38 38 38 38 30 30 30 30 30 30 30 30 30 30 30 30 30 30 30 30 30 30 30 30 30 30 30 30 30 30 30 30 30 30 30 30 33 33 33 33 33 33 33 33 30 30 30 30 30 30 30 30 30 30 30 30 30 30 30 30 33 33 33 33 33 33 33 33 33 33 33 33 33 33 33 33 32 32 32 32 32 32 32 32 32 32 32 32 32 32 32 32 36 36 36 36
