EU_test_data/Budapest/budapest_slope.asc
ncols         400
nrows         400
xllcorner     4966250
yllcorner     2686500
cellsize      250
NODATA_value  -9999
[rows 186 to 216 of 400, columns 207 to 275 of 400]
0.1 0.07071 0.07071 0.07071 0.07071 0 0 0 0 0.0559 0.0559 0.0559 0.0559 0.07906 0.07906 0.07906 0.07906 0.1 0.1 0.1 0.1 0.14577 0.14577 0.14577 0.14577 0.06374 0.06374 0.06374 0.06374 0.15207 0.15207 0.15207 0.15207 0.37583 0.37583 0.37583 0.37583 0.36272 0.36272 0.36272 0.36272 0.21213 0.21213 0.21213 0.21213 0.45962 0.45962 0.45962 0.45962 0.63738 0.63738 0.63738 0.63738 0.70378 0.70378 0.70378 0.70378 0.70045 0.70045 0.70045 0.70045 0.6408 0.6408 0.6408 0.6408 0.58149 0.58149 0.58149 0.58149
0.1 0.07071 0.07071 0.07071 0.07071 0 0 0 0 0.0559 0.0559 0.0559 0.0559 0.07906 0.07906 0.07906 0.07906 0.1 0.1 0.1 0.1 0.14577 0.14577 0.14577 0.14577 0.06374 0.06374 0.06374 0.06374 0.15207 0.15207 0.15207 0.15207 0.37583 0.37583 0.37583 0.37583 0.36272 0.36272 0.36272 0.36272 0.21213 0.21213 0.21213 0.21213 0.45962 0.45962 0.45962 0.45962 0.63738 0.63738 0.63738 0.63738 0.70378 0.70378 0.70378 0.70378 0.70045 0.70045 0.70045 0.70045 0.6408 0.6408 0.6408 0.6408 0.58149 0.58149 0.58149 0.58149
0.1 0.07071 0.07071 0.07071 0.07071 0 0 0 0 0.0559 0.0559 0.0559 0.0559 0.07906 0.07906 0.07906 0.07906 0.1 0.1 0.1 0.1 0.14577 0.14577 0.14577 0.14577 0.06374 0.06374 0.06374 0.06374 0.15207 0.15207 0.15207 0.15207 0.37583 0.37583 0.37583 0.37583 0.36272 0.36272 0.36272 0.36272 0.21213 0.21213 0.21213 0.21213 0.45962 0.45962 0.45962 0.45962 0.63738 0.63738 0.63738 0.63738 0.70378 0.70378 0.70378 0.70378 0.70045 0.70045 0.70045 0.70045 0.6408 0.6408 0.6408 0.6408 0.58149 0.58149 0.58149 0.58149
0 0.11319 0.11319 0.11319 0.11319 0.025 0.025 0.025 0.025 0.01768 0.01768 0.01768 0.01768 0.03953 0.03953 0.03953 0.03953 0.05303 0.05303 0.05303 0.05303 0.11859 0.11859 0.11859 0.11859 0.14252 0.14252 0.14252 0.14252 0.15 0.15 0.15 0.15 0.33958 0.33958 0.33958 0.33958 0.31869 0.31869 0.31869 0.31869 0.2 0.2 0.2 0.2 0.23783 0.23783 0.23783 0.23783 0.39131 0.39131 0.39131 0.39131 0.59002 0.59002 0.59002 0.59002 0.68237 0.68237 0.68237 0.68237 0.7308 0.7308 0.7308 0.7308 0.79057 0.79057 0.79057 0.79057
0 0.11319 0.11319 0.11319 0.11319 0.025 0.025 0.025 0.025 0.01768 0.01768 0.01768 0.01768 0.03953 0.03953 0.03953 0.03953 0.05303 0.05303 0.05303 0.05303 0.11859 0.11859 0.11859 0.11859 0.14252 0.14252 0.14252 0.14252 0.15 0.15 0.15 0.15 0.33958 0.33958 0.33958 0.33958 0.31869 0.31869 0.31869 0.31869 0.2 0.2 0.2 0.2 0.23783 0.23783 0.23783 0.23783 0.39131 0.39131 0.39131 0.39131 0.59002 0.59002 0.59002 0.59002 0.68237 0.68237 0.68237 0.68237 0.7308 0.7308 0.7308 0.7308 0.79057 0.79057 0.79057 0.79057
0 0.11319 0.11319 0.11319 0.11319 0.025 0.025 0.025 0.025 0.01768 0.01768 0.01768 0.01768 0.03953 0.03953 0.03953 0.03953 0.05303 0.05303 0.05303 0.05303 0.11859 0.11859 0.11859 0.11859 0.14252 0.14252 0.14252 0.14252 0.15 0.15 0.15 0.15 0.33958 0.33958 0.33958 0.33958 0.31869 0.31869 0.31869 0.31869 0.2 0.2 0.2 0.2 0.23783 0.23783 0.23783 0.23783 0.39131 0.39131 0.39131 0.39131 0.59002 0.59002 0.59002 0.59002 0.68237 0.68237 0.68237 0.68237 0.7308 0.7308 0.7308 0.7308 0.79057 0.79057 0.79057 0.79057
0 0.11319 0.11319 0.11319 0.11319 0.025 0.025 0.025 0.025 0.01768 0.01768 0.01768 0.01768 0.03953 0.03953 0.03953 0.03953 0.05303 0.05303 0.05303 0.05303 0.11859 0.11859 0.11859 0.11859 0.14252 0.14252 0.14252 0.14252 0.15 0.15 0.15 0.15 0.33958 0.33958 0.33958 0.33958 0.31869 0.31869 0.31869 0.31869 0.2 0.2 0.2 0.2 0.23783 0.23783 0.23783 0.23783 0.39131 0.39131 0.39131 0.39131 0.59002 0.59002 0.59002 0.59002 0.68237 0.68237 0.68237 0.68237 0.7308 0.7308 0.7308 0.7308 0.79057 0.79057 0.79057 0.79057
0.08839 0.1118 0.1118 0.1118 0.1118 0.07289 0.07289 0.07289 0.07289 0.12748 0.12748 0.12748 0.12748 0.16677 0.16677 0.16677 0.16677 0.19039 0.19039 0.19039 0.19039 0.15811 0.15811 0.15811 0.15811 0.14577 0.14577 0.14577 0.14577 0.15207 0.15207 0.15207 0.15207 0.2628 0.2628 0.2628 0.2628 0.19445 0.19445 0.19445 0.19445 0.21287 0.21287 0.21287 0.21287 0.16298 0.16298 0.16298 0.16298 0.1741 0.1741 0.1741 0.1741 0.35751 0.35751 0.35751 0.35751 0.47599 0.47599 0.47599 0.47599 0.53444 0.53444 0.53444 0.53444 0.79392 0.79392 0.79392 0.79392
0.08839 0.1118 0.1118 0.1118 0.1118 0.07289 0.07289 0.07289 0.07289 0.12748 0.12748 0.12748 0.12748 0.16677 0.16677 0.16677 0.16677 0.19039 0.19039 0.19039 0.19039 0.15811 0.15811 0.15811 0.15811 0.14577 0.14577 0.14577 0.14577 0.15207 0.15207 0.15207 0.15207 0.2628 0.2628 0.2628 0.2628 0.19445 0.19445 0.19445 0.19445 0.21287 0.21287 0.21287 0.21287 0.16298 0.16298 0.16298 0.16298 0.1741 0.1741 0.1741 0.1741 0.35751 0.35751 0.35751 0.35751 0.47599 0.47599 0.47599 0.47599 0.53444 0.53444 0.53444 0.53444 0.79392 0.79392 0.79392 0.79392
0.08839 0.1118 0.1118 0.1118 0.1118 0.07289 0.07289 0.07289 0.07289 0.12748 0.12748 0.12748 0.12748 0.16677 0.16677 0.16677 0.16677 0.19039 0.19039 0.19039 0.19039 0.15811 0.15811 0.15811 0.15811 0.14577 0.14577 0.14577 0.14577 0.15207 0.15207 0.15207 0.15207 0.2628 0.2628 0.2628 0.2628 0.19445 0.19445 0.19445 0.19445 0.21287 0.21287 0.21287 0.21287 0.16298 0.16298 0.16298 0.16298 0.1741 0.1741 0.1741 0.1741 0.35751 0.35751 0.35751 0.35751 0.47599 0.47599 0.47599 0.47599 0.53444 0.53444 0.53444 0.53444 0.79392 0.79392 0.79392 0.79392
0.08839 0.1118 0.1118 0.1118 0.1118 0.07289 0.07289 0.07289 0.07289 0.12748 0.12748 0.12748 0.12748 0.16677 0.16677 0.16677 0.16677 0.19039 0.19039 0.19039 0.19039 0.15811 0.15811 0.15811 0.15811 0.14577 0.14577 0.14577 0.14577 0.15207 0.15207 0.15207 0.15207 0.2628 0.2628 0.2628 0.2628 0.19445 0.19445 0.19445 0.19445 0.21287 0.21287 0.21287 0.21287 0.16298 0.16298 0.16298 0.16298 0.1741 0.1741 0.1741 0.1741 0.35751 0.35751 0.35751 0.35751 0.47599 0.47599 0.47599 0.47599 0.53444 0.53444 0.53444 0.53444 0.79392 0.79392 0.79392 0.79392
0.0559 0.0559 0.0559 0.0559 0.0559 0.15207 0.15207 0.15207 0.15207 0.19764 0.19764 0.19764 0.19764 0.175 0.175 0.175 0.175 0.16677 0.16677 0.16677 0.16677 0.21578 0.21578 0.21578 0.21578 0.17678 0.17678 0.17678 0.17678 0.14252 0.14252 0.14252 0.14252 0.175 0.175 0.175 0.175 0.07906 0.07906 0.07906 0.07906 0.0952 0.0952 0.0952 0.0952 0.09014 0.09014 0.09014 0.09014 0.08839 0.08839 0.08839 0.08839 0.16771 0.16771 0.16771 0.16771 0.24622 0.24622 0.24622 0.24622 0.24622 0.24622 0.24622 0.24622 0.85914 0.85914 0.85914 0.85914
0.0559 0.0559 0.0559 0.0559 0.0559 0.15207 0.15207 0.15207 0.15207 0.19764 0.19764 0.19764 0.19764 0.175 0.175 0.175 0.175 0.16677 0.16677 0.16677 0.16677 0.21578 0.21578 0.21578 0.21578 0.17678 0.17678 0.17678 0.17678 0.14252 0.14252 0.14252 0.14252 0.175 0.175 0.175 0.175 0.07906 0.07906 0.07906 0.07906 0.0952 0.0952 0.0952 0.0952 0.09014 0.09014 0.09014 0.09014 0.08839 0.08839 0.08839 0.08839 0.16771 0.16771 0.16771 0.16771 0.24622 0.24622 0.24622 0.24622 0.24622 0.24622 0.24622 0.24622 0.85914 0.85914 0.85914 0.85914
0.0559 0.0559 0.0559 0.0559 0.0559 0.15207 0.15207 0.15207 0.15207 0.19764 0.19764 0.19764 0.19764 0.175 0.175 0.175 0.175 0.16677 0.16677 0.16677 0.16677 0.21578 0.21578 0.21578 0.21578 0.17678 0.17678 0.17678 0.17678 0.14252 0.14252 0.14252 0.14252 0.175 0.175 0.175 0.175 0.07906 0.07906 0.07906 0.07906 0.0952 0.0952 0.0952 0.0952 0.09014 0.09014 0.09014 0.09014 0.08839 0.08839 0.08839 0.08839 0.16771 0.16771 0.16771 0.16771 0.24622 0.24622 0.24622 0.24622 0.24622 0.24622 0.24622 0.24622 0.85914 0.85914 0.85914 0.85914
0.0559 0.0559 0.0559 0.0559 0.0559 0.15207 0.15207 0.15207 0.15207 0.19764 0.19764 0.19764 0.19764 0.175 0.175 0.175 0.175 0.16677 0.16677 0.16677 0.16677 0.21578 0.21578 0.21578 0.21578 0.17678 0.17678 0.17678 0.17678 0.14252 0.14252 0.14252 0.14252 0.175 0.175 0.175 0.175 0.07906 0.07906 0.07906 0.07906 0.0952 0.0952 0.0952 0.0952 0.09014 0.09014 0.09014 0.09014 0.08839 0.08839 0.08839 0.08839 0.16771 0.16771 0.16771 0.16771 0.24622 0.24622 0.24622 0.24622 0.24622 0.24622 0.24622 0.24622 0.85914 0.85914 0.85914 0.85914
0.08839 0 0 0 0 0.19039 0.19039 0.19039 0.19039 0.21213 0.21213 0.21213 0.21213 0.13807 0.13807 0.13807 0.13807 0.07289 0.07289 0.07289 0.07289 0.09014 0.09014 0.09014 0.09014 0.1 0.1 0.1 0.1 0.07906 0.07906 0.07906 0.07906 0.07289 0.07289 0.07289 0.07289 0.08839 0.08839 0.08839 0.08839 0.08839 0.08839 0.08839 0.08839 0.07289 0.07289 0.07289 0.07289 0.025 0.025 0.025 0.025 0.07906 0.07906 0.07906 0.07906 0.18792 0.18792 0.18792 0.18792 0.28559 0.28559 0.28559 0.28559 0.889 0.889 0.889 0.889
0.08839 0 0 0 0 0.19039 0.19039 0.19039 0.19039 0.21213 0.21213 0.21213 0.21213 0.13807 0.13807 0.13807 0.13807 0.07289 0.07289 0.07289 0.07289 0.09014 0.09014 0.09014 0.09014 0.1 0.1 0.1 0.1 0.07906 0.07906 0.07906 0.07906 0.07289 0.07289 0.07289 0.07289 0.08839 0.08839 0.08839 0.08839 0.08839 0.08839 0.08839 0.08839 0.07289 0.07289 0.07289 0.07289 0.025 0.025 0.025 0.025 0.07906 0.07906 0.07906 0.07906 0.18792 0.18792 0.18792 0.18792 0.28559 0.28559 0.28559 0.28559 0.889 0.889 0.889 0.889
0.08839 0 0 0 0 0.19039 0.19039 0.19039 0.19039 0.21213 0.21213 0.21213 0.21213 0.13807 0.13807 0.13807 0.13807 0.07289 0.07289 0.07289 0.07289 0.09014 0.09014 0.09014 0.09014 0.1 0.1 0.1 0.1 0.07906 0.07906 0.07906 0.07906 0.07289 0.07289 0.07289 0.07289 0.08839 0.08839 0.08839 0.08839 0.08839 0.08839 0.08839 0.08839 0.07289 0.07289 0.07289 0.07289 0.025 0.025 0.025 0.025 0.07906 0.07906 0.07906 0.07906 0.18792 0.18792 0.18792 0.18792 0.28559 0.28559 0.28559 0.28559 0.889 0.889 0.889 0.889
0.08839 0 0 0 0 0.19039 0.19039 0.19039 0.19039 0.21213 0.21213 0.21213 0.21213 0.13807 0.13807 0.13807 0.13807 0.07289 0.07289 0.07289 0.07289 0.09014 0.09014 0.09014 0.09014 0.1 0.1 0.1 0.1 0.07906 0.07906 0.07906 0.07906 0.07289 0.07289 0.07289 0.07289 0.08839 0.08839 0.08839 0.08839 0.08839 0.08839 0.08839 0.08839 0.07289 0.07289 0.07289 0.07289 0.025 0.025 0.025 0.025 0.07906 0.07906 0.07906 0.07906 0.18792 0.18792 0.18792 0.18792 0.28559 0.28559 0.28559 0.28559 0.889 0.889 0.889 0.889
0.07289 0.01768 0.01768 0.01768 0.01768 0.07289 0.07289 0.07289 0.07289 0.1741 0.1741 0.1741 0.1741 0.19764 0.19764 0.19764 0.19764 0.19445 0.19445 0.19445 0.19445 0.16008 0.16008 0.16008 0.16008 0.10607 0.10607 0.10607 0.10607 0 0 0 0 0.01768 0.01768 0.01768 0.01768 0.025 0.025 0.025 0.025 0.0559 0.0559 0.0559 0.0559 0.08839 0.08839 0.08839 0.08839 0.075 0.075 0.075 0.075 0.08839 0.08839 0.08839 0.08839 0.10607 0.10607 0.10607 0.10607 0.18792 0.18792 0.18792 0.18792 0.65503 0.65503 0.65503 0.65503
0.07289 0.01768 0.01768 0.01768 0.01768 0.07289 0.07289 0.07289 0.07289 0.1741 0.1741 0.1741 0.1741 0.19764 0.19764 0.19764 0.19764 0.19445 0.19445 0.19445 0.19445 0.16008 0.16008 0.16008 0.16008 0.10607 0.10607 0.10607 0.10607 0 0 0 0 0.01768 0.01768 0.01768 0.01768 0.025 0.025 0.025 0.025 0.0559 0.0559 0.0559 0.0559 0.08839 0.08839 0.08839 0.08839 0.075 0.075 0.075 0.075 0.08839 0.08839 0.08839 0.08839 0.10607 0.10607 0.10607 0.10607 0.18792 0.18792 0.18792 0.18792 0.65503 0.65503 0.65503 0.65503
0.07289 0.01768 0.01768 0.01768 0.01768 0.07289 0.07289 0.07289 0.07289 0.1741 0.1741 0.1741 0.1741 0.19764 0.19764 0.19764 0.19764 0.19445 0.19445 0.19445 0.19445 0.16008 0.16008 0.16008 0.16008 0.10607 0.10607 0.10607 0.10607 0 0 0 0 0.01768 0.01768 0.01768 0.01768 0.025 0.025 0.025 0.025 0.0559 0.0559 0.0559 0.0559 0.08839 0.08839 0.08839 0.08839 0.075 0.075 0.075 0.075 0.08839 0.08839 0.08839 0.08839 0.10607 0.10607 0.10607 0.10607 0.18792 0.18792 0.18792 0.18792 0.65503 0.65503 0.65503 0.65503
0.07289 0.01768 0.01768 0.01768 0.01768 0.07289 0.07289 0.07289 0.07289 0.1741 0.1741 0.1741 0.1741 0.19764 0.19764 0.19764 0.19764 0.19445 0.19445 0.19445 0.19445 0.16008 0.16008 0.16008 0.16008 0.10607 0.10607 0.10607 0.10607 0 0 0 0 0.01768 0.01768 0.01768 0.01768 0.025 0.025 0.025 0.025 0.0559 0.0559 0.0559 0.0559 0.08839 0.08839 0.08839 0.08839 0.075 0.075 0.075 0.075 0.08839 0.08839 0.08839 0.08839 0.10607 0.10607 0.10607 0.10607 0.18792 0.18792 0.18792 0.18792 0.65503 0.65503 0.65503 0.65503
0.0559 0.03953 0.03953 0.03953 0.03953 0.01768 0.01768 0.01768 0.01768 0.01768 0.01768 0.01768 0.01768 0.08839 0.08839 0.08839 0.08839 0.11859 0.11859 0.11859 0.11859 0.125 0.125 0.125 0.125 0.17678 0.17678 0.17678 0.17678 0.10753 0.10753 0.10753 0.10753 0.01768 0.01768 0.01768 0.01768 0.03536 0.03536 0.03536 0.03536 0 0 0 0 0.08839 0.08839 0.08839 0.08839 0.15 0.15 0.15 0.15 0.08839 0.08839 0.08839 0.08839 0.08839 0.08839 0.08839 0.08839 0.11859 0.11859 0.11859 0.11859 0.24559 0.24559 0.24559 0.24559
0.0559 0.03953 0.03953 0.03953 0.03953 0.01768 0.01768 0.01768 0.01768 0.01768 0.01768 0.01768 0.01768 0.08839 0.08839 0.08839 0.08839 0.11859 0.11859 0.11859 0.11859 0.125 0.125 0.125 0.125 0.17678 0.17678 0.17678 0.17678 0.10753 0.10753 0.10753 0.10753 0.01768 0.01768 0.01768 0.01768 0.03536 0.03536 0.03536 0.03536 0 0 0 0 0.08839 0.08839 0.08839 0.08839 0.15 0.15 0.15 0.15 0.08839 0.08839 0.08839 0.08839 0.08839 0.08839 0.08839 0.08839 0.11859 0.11859 0.11859 0.11859 0.24559 0.24559 0.24559 0.24559
0.0559 0.03953 0.03953 0.03953 0.03953 0.01768 0.01768 0.01768 0.01768 0.01768 0.01768 0.01768 0.01768 0.08839 0.08839 0.08839 0.08839 0.11859 0.11859 0.11859 0.11859 0.125 0.125 0.125 0.125 0.17678 0.17678 0.17678 0.17678 0.10753 0.10753 0.10753 0.10753 0.01768 0.01768 0.01768 0.01768 0.03536 0.03536 0.03536 0.03536 0 0 0 0 0.08839 0.08839 0.08839 0.08839 0.15 0.15 0.15 0.15 0.08839 0.08839 0.08839 0.08839 0.08839 0.08839 0.08839 0.08839 0.11859 0.11859 0.11859 0.11859 0.24559 0.24559 0.24559 0.24559
0.0559 0.03953 0.03953 0.03953 0.03953 0.01768 0.01768 0.01768 0.01768 0.01768 0.01768 0.01768 0.01768 0.08839 0.08839 0.08839 0.08839 0.11859 0.11859 0.11859 0.11859 0.125 0.125 0.125 0.125 0.17678 0.17678 0.17678 0.17678 0.10753 0.10753 0.10753 0.10753 0.01768 0.01768 0.01768 0.01768 0.03536 0.03536 0.03536 0.03536 0 0 0 0 0.08839 0.08839 0.08839 0.08839 0.15 0.15 0.15 0.15 0.08839 0.08839 0.08839 0.08839 0.08839 0.08839 0.08839 0.08839 0.11859 0.11859 0.11859 0.11859 0.24559 0.24559 0.24559 0.24559
0.01768 0.025 0.025 0.025 0.025 0.025 0.025 0.025 0.025 0.025 0.025 0.025 0.025 0.05303 0.05303 0.05303 0.05303 0.10607 0.10607 0.10607 0.10607 0.09014 0.09014 0.09014 0.09014 0.1118 0.1118 0.1118 0.1118 0.125 0.125 0.125 0.125 0.09014 0.09014 0.09014 0.09014 0.03953 0.03953 0.03953 0.03953 0.0559 0.0559 0.0559 0.0559 0.14252 0.14252 0.14252 0.14252 0.11319 0.11319 0.11319 0.11319 0.125 0.125 0.125 0.125 0.03953 0.03953 0.03953 0.03953 0.14252 0.14252 0.14252 0.14252 0.15 0.15 0.15 0.15
0.01768 0.025 0.025 0.025 0.025 0.025 0.025 0.025 0.025 0.025 0.025 0.025 0.025 0.05303 0.05303 0.05303 0.05303 0.10607 0.10607 0.10607 0.10607 0.09014 0.09014 0.09014 0.09014 0.1118 0.1118 0.1118 0.1118 0.125 0.125 0.125 0.125 0.09014 0.09014 0.09014 0.09014 0.03953 0.03953 0.03953 0.03953 0.0559 0.0559 0.0559 0.0559 0.14252 0.14252 0.14252 0.14252 0.11319 0.11319 0.11319 0.11319 0.125 0.125 0.125 0.125 0.03953 0.03953 0.03953 0.03953 0.14252 0.14252 0.14252 0.14252 0.15 0.15 0.15 0.15
0.01768 0.025 0.025 0.025 0.025 0.025 0.025 0.025 0.025 0.025 0.025 0.025 0.025 0.05303 0.05303 0.05303 0.05303 0.10607 0.10607 0.10607 0.10607 0.09014 0.09014 0.09014 0.09014 0.1118 0.1118 0.1118 0.1118 0.125 0.125 0.125 0.125 0.09014 0.09014 0.09014 0.09014 0.03953 0.03953 0.03953 0.03953 0.0559 0.0559 0.0559 0.0559 0.14252 0.14252 0.14252 0.14252 0.11319 0.11319 0.11319 0.11319 0.125 0.125 0.125 0.125 0.03953 0.03953 0.03953 0.03953 0.14252 0.14252 0.14252 0.14252 0.15 0.15 0.15 0.15
0.01768 0.025 0.025 0.025 0.025 0.025 0.025 0.025 0.025 0.025 0.025 0.025 0.025 0.05303 0.05303 0.05303 0.05303 0.10607 0.10607 0.10607 0.10607 0.09014 0.09014 0.09014 0.09014 0.1118 0.1118 0.1118 0.1118 0.125 0.125 0.125 0.125 0.09014 0.09014 0.09014 0.09014 0.03953 0.03953 0.03953 0.03953 0.0559 0.0559 0.0559 0.0559 0.14252 0.14252 0.14252 0.14252 0.11319 0.11319 0.11319 0.11319 0.125 0.125 0.125 0.125 0.03953 0.03953 0.03953 0.03953 0.14252 0.14252 0.14252 0.14252 0.15 0.15 0.15 0.15
