EU_test_data/Budapest/budapest_elevation.asc
ncols         400
nrows         400
xllcorner     4966250
yllcorner     2686500
cellsize      250
NODATA_value  -9999
[rows 0 to 54 of 400, columns 192 to 287 of 400]
80 80 80 80 89 89 89 89 74 74 74 74 66 66 66 66 60 60 60 60 59 59 59 59 76 76 76 76 82 82 82 82 84 84 84 84 93 93 93 93 87 87 87 87 79 79 79 79 77 77 77 77 63 63 63 63 46 46 46 46 60 60 60 60 63 63 63 63 64 64 64 64 57 57 57 57 54 54 54 54 48 48 48 48 41 41 41 41 44 44 44 44 47 47 47 47
76 76 76 76 82 82 82 82 88 88 88 88 70 70 70 70 58 58 58 58 52 52 52 52 70 70 70 70 63 63 63 63 74 74 74 74 93 93 93 93 89 89 89 89 74 74 74 74 63 63 63 63 62 62 62 62 62 62 62 62 55 55 55 55 48 48 48 48 55 55 55 55 57 57 57 57 51 51 51 51 48 48 48 48 46 46 46 46 40 40 40 40 46 46 46 46
76 76 76 76 82 82 82 82 88 88 88 88 70 70 70 70 58 58 58 58 52 52 52 52 70 70 70 70 63 63 63 63 74 74 74 74 93 93 93 93 89 89 89 89 74 74 74 74 63 63 63 63 62 62 62 62 62 62 62 62 55 55 55 55 48 48 48 48 55 55 55 55 57 57 57 57 51 51 51 51 48 48 48 48 46 46 46 46 40 40 40 40 46 46 46 46
76 76 76 76 82 82 82 82 88 88 88 88 70 70 70 70 58 58 58 58 52 52 52 52 70 70 70 70 63 63 63 63 74 74 74 74 93 93 93 93 89 89 89 89 74 74 74 74 63 63 63 63 62 62 62 62 62 62 62 62 55 55 55 55 48 48 48 48 55 55 55 55 57 57 57 57 51 51 51 51 48 48 48 48 46 46 46 46 40 40 40 40 46 46 46 46
76 76 76 76 82 82 82 82 88 88 88 88 70 70 70 70 58 58 58 58 52 52 52 52 70 70 70 70 63 63 63 63 74 74 74 74 93 93 93 93 89 89 89 89 74 74 74 74 63 63 63 63 62 62 62 62 62 62 62 62 55 55 55 55 48 48 48 48 55 55 55 55 57 57 57 57 51 51 51 51 48 48 48 48 46 46 46 46 40 40 40 40 46 46 46 46
73 73 73 73 71 71 71 71 87 87 87 87 76 76 76 76 61 61 61 61 49 49 49 49 69 69 69 69 59 59 59 59 63 63 63 63 78 78 78 78 89 89 89 89 85 85 85 85 81 81 81 81 78 78 78 78 68 68 68 68 58 58 58 58 59 59 59 59 45 45 45 45 45 45 45 45 51 51 51 51 48 48 48 48 47 47 47 47 44 44 44 44 42 42 42 42
73 73 73 73 71 71 71 71 87 87 87 87 76 76 76 76 61 61 61 61 49 49 49 49 69 69 69 69 59 59 59 59 63 63 63 63 78 78 78 78 89 89 89 89 85 85 85 85 81 81 81 81 78 78 78 78 68 68 68 68 58 58 58 58 59 59 59 59 45 45 45 45 45 45 45 45 51 51 51 51 48 48 48 48 47 47 47 47 44 44 44 44 42 42 42 42
73 73 73 73 71 71 71 71 87 87 87 87 76 76 76 76 61 61 61 61 49 49 49 49 69 69 69 69 59 59 59 59 63 63 63 63 78 78 78 78 89 89 89 89 85 85 85 85 81 81 81 81 78 78 78 78 68 68 68 68 58 58 58 58 59 59 59 59 45 45 45 45 45 45 45 45 51 51 51 51 48 48 48 48 47 47 47 47 44 44 44 44 42 42 42 42
73 73 73 73 71 71 71 71 87 87 87 87 76 76 76 76 61 61 61 61 49 49 49 49 69 69 69 69 59 59 59 59 63 63 63 63 78 78 78 78 89 89 89 89 85 85 85 85 81 81 81 81 78 78 78 78 68 68 68 68 58 58 58 58 59 59 59 59 45 45 45 45 45 45 45 45 51 51 51 51 48 48 48 48 47 47 47 47 44 44 44 44 42 42 42 42
67 67 67 67 69 69 69 69 69 69 69 69 79 79 79 79 62 62 62 62 47 47 47 47 63 63 63 63 57 57 57 57 65 65 65 65 76 76 76 76 84 84 84 84 85 85 85 85 79 79 79 79 69 69 69 69 65 65 65 65 59 59 59 59 63 63 63 63 57 57 57 57 45 45 45 45 42 42 42 42 46 46 46 46 45 45 45 45 44 44 44 44 40 40 40 40
67 67 67 67 69 69 69 69 69 69 69 69 79 79 79 79 62 62 62 62 47 47 47 47 63 63 63 63 57 57 57 57 65 65 65 65 76 76 76 76 84 84 84 84 85 85 85 85 79 79 79 79 69 69 69 69 65 65 65 65 59 59 59 59 63 63 63 63 57 57 57 57 45 45 45 45 42 42 42 42 46 46 46 46 45 45 45 45 44 44 44 44 40 40 40 40
67 67 67 67 69 69 69 69 69 69 69 69 79 79 79 79 62 62 62 62 47 47 47 47 63 63 63 63 57 57 57 57 65 65 65 65 76 76 76 76 84 84 84 84 85 85 85 85 79 79 79 79 69 69 69 69 65 65 65 65 59 59 59 59 63 63 63 63 57 57 57 57 45 45 45 45 42 42 42 42 46 46 46 46 45 45 45 45 44 44 44 44 40 40 40 40
67 67 67 67 69 69 69 69 69 69 69 69 79 79 79 79 62 62 62 62 47 47 47 47 63 63 63 63 57 57 57 57 65 65 65 65 76 76 76 76 84 84 84 84 85 85 85 85 79 79 79 79 69 69 69 69 65 65 65 65 59 59 59 59 63 63 63 63 57 57 57 57 45 45 45 45 42 42 42 42 46 46 46 46 45 45 45 45 44 44 44 44 40 40 40 40
69 69 69 69 68 68 68 68 68 68 68 68 67 67 67 67 63 63 63 63 48 48 48 48 51 51 51 51 51 51 51 51 73 73 73 73 89 89 89 89 88 88 88 88 76 76 76 76 91 91 91 91 83 83 83 83 76 76 76 76 71 71 71 71 68 68 68 68 63 63 63 63 57 57 57 57 47 47 47 47 42 42 42 42 43 43 43 43 43 43 43 43 41 41 41 41
69 69 69 69 68 68 68 68 68 68 68 68 67 67 67 67 63 63 63 63 48 48 48 48 51 51 51 51 51 51 51 51 73 73 73 73 89 89 89 89 88 88 88 88 76 76 76 76 91 91 91 91 83 83 83 83 76 76 76 76 71 71 71 71 68 68 68 68 63 63 63 63 57 57 57 57 47 47 47 47 42 42 42 42 43 43 43 43 43 43 43 43 41 41 41 41
69 69 69 69 68 68 68 68 68 68 68 68 67 67 67 67 63 63 63 63 48 48 48 48 51 51 51 51 51 51 51 51 73 73 73 73 89 89 89 89 88 88 88 88 76 76 76 76 91 91 91 91 83 83 83 83 76 76 76 76 71 71 71 71 68 68 68 68 63 63 63 63 57 57 57 57 47 47 47 47 42 42 42 42 43 43 43 43 43 43 43 43 41 41 41 41
69 69 69 69 68 68 68 68 68 68 68 68 67 67 67 67 63 63 63 63 48 48 48 48 51 51 51 51 51 51 51 51 73 73 73 73 89 89 89 89 88 88 88 88 76 76 76 76 91 91 91 91 83 83 83 83 76 76 76 76 71 71 71 71 68 68 68 68 63 63 63 63 57 57 57 57 47 47 47 47 42 42 42 42 43 43 43 43 43 43 43 43 41 41 41 41
74 74 74 74 77 77 77 77 73 73 73 73 61 61 61 61 60 60 60 60 49 49 49 49 45 45 45 45 48 48 48 48 70 70 70 70 92 92 92 92 88 88 88 88 72 72 72 72 84 84 84 84 82 82 82 82 75 75 75 75 69 69 69 69 64 64 64 64 60 60 60 60 51 51 51 51 48 48 48 48 44 44 44 44 41 41 41 41 40 40 40 40 42 42 42 42
74 74 74 74 77 77 77 77 73 73 73 73 61 61 61 61 60 60 60 60 49 49 49 49 45 45 45 45 48 48 48 48 70 70 70 70 92 92 92 92 88 88 88 88 72 72 72 72 84 84 84 84 82 82 82 82 75 75 75 75 69 69 69 69 64 64 64 64 60 60 60 60 51 51 51 51 48 48 48 48 44 44 44 44 41 41 41 41 40 40 40 40 42 42 42 42
74 74 74 74 77 77 77 77 73 73 73 73 61 61 61 61 60 60 60 60 49 49 49 49 45 45 45 45 48 48 48 48 70 70 70 70 92 92 92 92 88 88 88 88 72 72 72 72 84 84 84 84 82 82 82 82 75 75 75 75 69 69 69 69 64 64 64 64 60 60 60 60 51 51 51 51 48 48 48 48 44 44 44 44 41 41 41 41 40 40 40 40 42 42 42 42
74 74 74 74 77 77 77 77 73 73 73 73 61 61 61 61 60 60 60 60 49 49 49 49 45 45 45 45 48 48 48 48 70 70 70 70 92 92 92 92 88 88 88 88 72 72 72 72 84 84 84 84 82 82 82 82 75 75 75 75 69 69 69 69 64 64 64 64 60 60 60 60 51 51 51 51 48 48 48 48 44 44 44 44 41 41 41 41 40 40 40 40 42 42 42 42
80 80 80 80 80 80 80 80 86 86 86 86 71 71 71 71 67 67 67 67 61 61 61 61 48 48 48 48 45 45 45 45 72 72 72 72 74 74 74 74 87 87 87 87 71 71 71 71 69 69 69 69 77 77 77 77 74 74 74 74 74 74 74 74 66 66 66 66 61 61 61 61 52 52 52 52 48 48 48 48 46 46 46 46 45 45 45 45 42 42 42 42 45 45 45 45
80 80 80 80 80 80 80 80 86 86 86 86 71 71 71 71 67 67 67 67 61 61 61 61 48 48 48 48 45 45 45 45 72 72 72 72 74 74 74 74 87 87 87 87 71 71 71 71 69 69 69 69 77 77 77 77 74 74 74 74 74 74 74 74 66 66 66 66 61 61 61 61 52 52 52 52 48 48 48 48 46 46 46 46 45 45 45 45 42 42 42 42 45 45 45 45
80 80 80 80 80 80 80 80 86 86 86 86 71 71 71 71 67 67 67 67 61 61 61 61 48 48 48 48 45 45 45 45 72 72 72 72 74 74 74 74 87 87 87 87 71 71 71 71 69 69 69 69 77 77 77 77 74 74 74 74 74 74 74 74 66 66 66 66 61 61 61 61 52 52 52 52 48 48 48 48 46 46 46 46 45 45 45 45 42 42 42 42 45 45 45 45
80 80 80 80 80 80 80 80 86 86 86 86 71 71 71 71 67 67 67 67 61 61 61 61 48 48 48 48 45 45 45 45 72 72 72 72 74 74 74 74 87 87 87 87 71 71 71 71 69 69 69 69 77 77 77 77 74 74 74 74 74 74 74 74 66 66 66 66 61 61 61 61 52 52 52 52 48 48 48 48 46 46 46 46 45 45 45 45 42 42 42 42 45 45 45 45
80 80 80 80 76 76 76 76 84 84 84 84 75 75 75 75 75 75 75 75 69 69 69 69 55 55 55 55 43 43 43 43 67 67 67 67 67 67 67 67 82 82 82 82 66 66 66 66 59 59 59 59 75 75 75 75 67 67 67 67 66 66 66 66 67 67 67 67 61 61 61 61 52 52 52 52 48 48 48 48 46 46 46 46 45 45 45 45 45 45 45 45 44 44 44 44
80 80 80 80 76 76 76 76 84 84 84 84 75 75 75 75 75 75 75 75 69 69 69 69 55 55 55 55 43 43 43 43 67 67 67 67 67 67 67 67 82 82 82 82 66 66 66 66 59 59 59 59 75 75 75 75 67 67 67 67 66 66 66 66 67 67 67 67 61 61 61 61 52 52 52 52 48 48 48 48 46 46 46 46 45 45 45 45 45 45 45 45 44 44 44 44
80 80 80 80 76 76 76 76 84 84 84 84 75 75 75 75 75 75 75 75 69 69 69 69 55 55 55 55 43 43 43 43 67 67 67 67 67 67 67 67 82 82 82 82 66 66 66 66 59 59 59 59 75 75 75 75 67 67 67 67 66 66 66 66 67 67 67 67 61 61 61 61 52 52 52 52 48 48 48 48 46 46 46 46 45 45 45 45 45 45 45 45 44 44 44 44
80 80 80 80 76 76 76 76 84 84 84 84 75 75 75 75 75 75 75 75 69 69 69 69 55 55 55 55 43 43 43 43 67 67 67 67 67 67 67 67 82 82 82 82 66 66 66 66 59 59 59 59 75 75 75 75 67 67 67 67 66 66 66 66 67 67 67 67 61 61 61 61 52 52 52 52 48 48 48 48 46 46 46 46 45 45 45 45 45 45 45 45 44 44 44 44
82 82 82 82 77 77 77 77 73 73 73 73 72 72 72 72 82 82 82 82 71 71 71 71 58 58 58 58 45 45 45 45 50 50 50 50 55 55 55 55 71 71 71 71 67 67 67 67 55 55 55 55 73 73 73 73 66 66 66 66 61 61 61 61 60 60 60 60 58 58 58 58 49 49 49 49 46 46 46 46 45 45 45 45 45 45 45 45 45 45 45 45 43 43 43 43
82 82 82 82 77 77 77 77 73 73 73 73 72 72 72 72 82 82 82 82 71 71 71 71 58 58 58 58 45 45 45 45 50 50 50 50 55 55 55 55 71 71 71 71 67 67 67 67 55 55 55 55 73 73 73 73 66 66 66 66 61 61 61 61 60 60 60 60 58 58 58 58 49 49 49 49 46 46 46 46 45 45 45 45 45 45 45 45 45 45 45 45 43 43 43 43
82 82 82 82 77 77 77 77 73 73 73 73 72 72 72 72 82 82 82 82 71 71 71 71 58 58 58 58 45 45 45 45 50 50 50 50 55 55 55 55 71 71 71 71 67 67 67 67 55 55 55 55 73 73 73 73 66 66 66 66 61 61 61 61 60 60 60 60 58 58 58 58 49 49 49 49 46 46 46 46 45 45 45 45 45 45 45 45 45 45 45 45 43 43 43 43
82 82 82 82 77 77 77 77 73 73 73 73 72 72 72 72 82 82 82 82 71 71 71 71 58 58 58 58 45 45 45 45 50 50 50 50 55 55 55 55 71 71 71 71 67 67 67 67 55 55 55 55 73 73 73 73 66 66 66 66 61 61 61 61 60 60 60 60 58 58 58 58 49 49 49 49 46 46 46 46 45 45 45 45 45 45 45 45 45 45 45 45 43 43 43 43
82 82 82 82 87 87 87 87 73 73 73 73 67 67 67 67 74 74 74 74 81 81 81 81 74 74 74 74 56 56 56 56 45 45 45 45 43 43 43 43 60 60 60 60 64 64 64 64 57 57 57 57 64 64 64 64 63 63 63 63 58 58 58 58 55 55 55 55 52 52 52 52 49 49 49 49 47 47 47 47 45 45 45 45 43 43 43 43 43 43 43 43 42 42 42 42
82 82 82 82 87 87 87 87 73 73 73 73 67 67 67 67 74 74 74 74 81 81 81 81 74 74 74 74 56 56 56 56 45 45 45 45 43 43 43 43 60 60 60 60 64 64 64 64 57 57 57 57 64 64 64 64 63 63 63 63 58 58 58 58 55 55 55 55 52 52 52 52 49 49 49 49 47 47 47 47 45 45 45 45 43 43 43 43 43 43 43 43 42 42 42 42
82 82 82 82 87 87 87 87 73 73 73 73 67 67 67 67 74 74 74 74 81 81 81 81 74 74 74 74 56 56 56 56 45 45 45 45 43 43 43 43 60 60 60 60 64 64 64 64 57 57 57 57 64 64 64 64 63 63 63 63 58 58 58 58 55 55 55 55 52 52 52 52 49 49 49 49 47 47 47 47 45 45 45 45 43 43 43 43 43 43 43 43 42 42 42 42
82 82 82 82 87 87 87 87 73 73 73 73 67 67 67 67 74 74 74 74 81 81 81 81 74 74 74 74 56 56 56 56 45 45 45 45 43 43 43 43 60 60 60 60 64 64 64 64 57 57 57 57 64 64 64 64 63 63 63 63 58 58 58 58 55 55 55 55 52 52 52 52 49 49 49 49 47 47 47 47 45 45 45 45 43 43 43 43 43 43 43 43 42 42 42 42
83 83 83 83 94 94 94 94 82 82 82 82 71 71 71 71 67 67 67 67 71 71 71 71 73 73 73 73 77 77 77 77 58 58 58 58 44 44 44 44 45 45 45 45 45 45 45 45 46 46 46 46 49 49 49 49 58 58 58 58 53 53 53 53 49 49 49 49 49 49 49 49 48 48 48 48 47 47 47 47 45 45 45 45 43 43 43 43 41 41 41 41 40 40 40 40
83 83 83 83 94 94 94 94 82 82 82 82 71 71 71 71 67 67 67 67 71 71 71 71 73 73 73 73 77 77 77 77 58 58 58 58 44 44 44 44 45 45 45 45 45 45 45 45 46 46 46 46 49 49 49 49 58 58 58 58 53 53 53 53 49 49 49 49 49 49 49 49 48 48 48 48 47 47 47 47 45 45 45 45 43 43 43 43 41 41 41 41 40 40 40 40
83 83 83 83 94 94 94 94 82 82 82 82 71 71 71 71 67 67 67 67 71 71 71 71 73 73 73 73 77 77 77 77 58 58 58 58 44 44 44 44 45 45 45 45 45 45 45 45 46 46 46 46 49 49 49 49 58 58 58 58 53 53 53 53 49 49 49 49 49 49 49 49 48 48 48 48 47 47 47 47 45 45 45 45 43 43 43 43 41 41 41 41 40 40 40 40
83 83 83 83 94 94 94 94 82 82 82 82 71 71 71 71 67 67 67 67 71 71 71 71 73 73 73 73 77 77 77 77 58 58 58 58 44 44 44 44 45 45 45 45 45 45 45 45 46 46 46 46 49 49 49 49 58 58 58 58 53 53 53 53 49 49 49 49 49 49 49 49 48 48 48 48 47 47 47 47 45 45 45 45 43 43 43 43 41 41 41 41 40 40 40 40
82 82 82 82 97 97 97 97 94 94 94 94 86 86 86 86 84 84 84 84 79 79 79 79 68 68 68 68 78 78 78 78 75 75 75 75 65 65 65 65 50 50 50 50 45 45 45 45 41 41 41 41 41 41 41 41 43 43 43 43 49 49 49 49 48 48 48 48 47 47 47 47 47 47 47 47 46 46 46 46 44 44 44 44 43 43 43 43 43 43 43 43 40 40 40 40
82 82 82 82 97 97 97 97 94 94 94 94 86 86 86 86 84 84 84 84 79 79 79 79 68 68 68 68 78 78 78 78 75 75 75 75 65 65 65 65 50 50 50 50 45 45 45 45 41 41 41 41 41 41 41 41 43 43 43 43 49 49 49 49 48 48 48 48 47 47 47 47 47 47 47 47 46 46 46 46 44 44 44 44 43 43 43 43 43 43 43 43 40 40 40 40
82 82 82 82 97 97 97 97 94 94 94 94 86 86 86 86 84 84 84 84 79 79 79 79 68 68 68 68 78 78 78 78 75 75 75 75 65 65 65 65 50 50 50 50 45 45 45 45 41 41 41 41 41 41 41 41 43 43 43 43 49 49 49 49 48 48 48 48 47 47 47 47 47 47 47 47 46 46 46 46 44 44 44 44 43 43 43 43 43 43 43 43 40 40 40 40
82 82 82 82 97 97 97 97 94 94 94 94 86 86 86 86 84 84 84 84 79 79 79 79 68 68 68 68 78 78 78 78 75 75 75 75 65 65 65 65 50 50 50 50 45 45 45 45 41 41 41 41 41 41 41 41 43 43 43 43 49 49 49 49 48 48 48 48 47 47 47 47 47 47 47 47 46 46 46 46 44 44 44 44 43 43 43 43 43 43 43 43 40 40 40 40
78 78 78 78 89 89 89 89 94 94 94 94 82 82 82 82 84 84 84 84 85 85 85 85 67 67 67 67 57 57 57 57 73 73 73 73 66 66 66 66 63 63 63 63 53 53 53 53 43 43 43 43 40 40 40 40 40 40 40 40 40 40 40 40 40 40 40 40 40 40 40 40 43 43 43 43 45 45 45 45 45 45 45 45 43 43 43 43 43 43 43 43 41 41 41 41
78 78 78 78 89 89 89 89 94 94 94 94 82 82 82 82 84 84 84 84 85 85 85 85 67 67 67 67 57 57 57 57 73 73 73 73 66 66 66 66 63 63 63 63 53 53 53 53 43 43 43 43 40 40 40 40 40 40 40 40 40 40 40 40 40 40 40 40 40 40 40 40 43 43 43 43 45 45 45 45 45 45 45 45 43 43 43 43 43 43 43 43 41 41 41 41
78 78 78 78 89 89 89 89 94 94 94 94 82 82 82 82 84 84 84 84 85 85 85 85 67 67 67 67 57 57 57 57 73 73 73 73 66 66 66 66 63 63 63 63 53 53 53 53 43 43 43 43 40 40 40 40 40 40 40 40 40 40 40 40 40 40 40 40 40 40 40 40 43 43 43 43 45 45 45 45 45 45 45 45 43 43 43 43 43 43 43 43 41 41 41 41
78 78 78 78 89 89 89 89 94 94 94 94 82 82 82 82 84 84 84 84 85 85 85 85 67 67 67 67 57 57 57 57 73 73 73 73 66 66 66 66 63 63 63 63 53 53 53 53 43 43 43 43 40 40 40 40 40 40 40 40 40 40 40 40 40 40 40 40 40 40 40 40 43 43 43 43 45 45 45 45 45 45 45 45 43 43 43 43 43 43 43 43 41 41 41 41
84 84 84 84 88 88 88 88 92 92 92 92 85 85 85 85 73 73 73 73 70 70 70 70 82 82 82 82 60 60 60 60 53 53 53 53 55 55 55 55 49 49 49 49 51 51 51 51 61 61 61 61 46 46 46 46 57 57 57 57 47 47 47 47 38 38 38 38 34 34 34 34 38 38 38 38 39 39 39 39 37 37 37 37 40 40 40 40 41 41 41 41 41 41 41 41
84 84 84 84 88 88 88 88 92 92 92 92 85 85 85 85 73 73 73 73 70 70 70 70 82 82 82 82 60 60 60 60 53 53 53 53 55 55 55 55 49 49 49 49 51 51 51 51 61 61 61 61 46 46 46 46 57 57 57 57 47 47 47 47 38 38 38 38 34 34 34 34 38 38 38 38 39 39 39 39 37 37 37 37 40 40 40 40 41 41 41 41 41 41 41 41
84 84 84 84 88 88 88 88 92 92 92 92 85 85 85 85 73 73 73 73 70 70 70 70 82 82 82 82 60 60 60 60 53 53 53 53 55 55 55 55 49 49 49 49 51 51 51 51 61 61 61 61 46 46 46 46 57 57 57 57 47 47 47 47 38 38 38 38 34 34 34 34 38 38 38 38 39 39 39 39 37 37 37 37 40 40 40 40 41 41 41 41 41 41 41 41
84 84 84 84 88 88 88 88 92 92 92 92 85 85 85 85 73 73 73 73 70 70 70 70 82 82 82 82 60 60 60 60 53 53 53 53 55 55 55 55 49 49 49 49 51 51 51 51 61 61 61 61 46 46 46 46 57 57 57 57 47 47 47 47 38 38 38 38 34 34 34 34 38 38 38 38 39 39 39 39 37 37 37 37 40 40 40 40 41 41 41 41 41 41 41 41
77 77 77 77 87 87 87 87 82 82 82 82 91 91 91 91 89 89 89 89 73 73 73 73 71 71 71 71 67 67 67 67 66 66 66 66 78 78 78 78 80 80 80 80 77 77 77 77 64 64 64 64 60 60 60 60 65 65 65 65 51 51 51 51 44 44 44 44 41 41 41 41 43 43 43 43 38 38 38 38 38 38 38 38 34 34 34 34 38 38 38 38 38 38 38 38
77 77 77 77 87 87 87 87 82 82 82 82 91 91 91 91 89 89 89 89 73 73 73 73 71 71 71 71 67 67 67 67 66 66 66 66 78 78 78 78 80 80 80 80 77 77 77 77 64 64 64 64 60 60 60 60 65 65 65 65 51 51 51 51 44 44 44 44 41 41 41 41 43 43 43 43 38 38 38 38 38 38 38 38 34 34 34 34 38 38 38 38 38 38 38 38
