EU_test_data/Budapest/budapest_slope.asc
ncols         400
nrows         400
xllcorner     4966250
yllcorner     2686500
cellsize      250
NODATA_value  -9999
[rows 155 to 185 of 400, columns 0 to 68 of 400]
0.47566 0.47566 0.47566 0.47566 0.5887 0.5887 0.5887 0.5887 0.31474 0.31474 0.31474 0.31474 0.36912 0.36912 0.36912 0.36912 0.42463 0.42463 0.42463 0.42463 0.88671 0.88671 0.88671 0.88671 0.42757 0.42757 0.42757 0.42757 0.42573 0.42573 0.42573 0.42573 0.50898 0.50898 0.50898 0.50898 0.41908 0.41908 0.41908 0.41908 0.54829 0.54829 0.54829 0.54829 0.67754 0.67754 0.67754 0.67754 0.5099 0.5099 0.5099 0.5099 1.0933 1.0933 1.0933 1.0933 1.39933 1.39933 1.39933 1.39933 1.37591 1.37591 1.37591 1.37591 1.1718 1.1718 1.1718 1.1718 0.86476
0.47566 0.47566 0.47566 0.47566 0.5887 0.5887 0.5887 0.5887 0.31474 0.31474 0.31474 0.31474 0.36912 0.36912 0.36912 0.36912 0.42463 0.42463 0.42463 0.42463 0.88671 0.88671 0.88671 0.88671 0.42757 0.42757 0.42757 0.42757 0.42573 0.42573 0.42573 0.42573 0.50898 0.50898 0.50898 0.50898 0.41908 0.41908 0.41908 0.41908 0.54829 0.54829 0.54829 0.54829 0.67754 0.67754 0.67754 0.67754 0.5099 0.5099 0.5099 0.5099 1.0933 1.0933 1.0933 1.0933 1.39933 1.39933 1.39933 1.39933 1.37591 1.37591 1.37591 1.37591 1.1718 1.1718 1.1718 1.1718 0.86476
0.39726 0.39726 0.39726 0.39726 0.30923 0.30923 0.30923 0.30923 0.54458 0.54458 0.54458 0.54458 0.45311 0.45311 0.45311 0.45311 0.07906 0.07906 0.07906 0.07906 0.82253 0.82253 0.82253 0.82253 0.63738 0.63738 0.63738 0.63738 0.23251 0.23251 0.23251 0.23251 0.4586 0.4586 0.4586 0.4586 0.49781 0.49781 0.49781 0.49781 0.72672 0.72672 0.72672 0.72672 0.63885 0.63885 0.63885 0.63885 0.33634 0.33634 0.33634 0.33634 0.39528 0.39528 0.39528 0.39528 0.69575 0.69575 0.69575 0.69575 0.78502 0.78502 0.78502 0.78502 0.83217 0.83217 0.83217 0.83217 0.57009
0.39726 0.39726 0.39726 0.39726 0.30923 0.30923 0.30923 0.30923 0.54458 0.54458 0.54458 0.54458 0.45311 0.45311 0.45311 0.45311 0.07906 0.07906 0.07906 0.07906 0.82253 0.82253 0.82253 0.82253 0.63738 0.63738 0.63738 0.63738 0.23251 0.23251 0.23251 0.23251 0.4586 0.4586 0.4586 0.4586 0.49781 0.49781 0.49781 0.49781 0.72672 0.72672 0.72672 0.72672 0.63885 0.63885 0.63885 0.63885 0.33634 0.33634 0.33634 0.33634 0.39528 0.39528 0.39528 0.39528 0.69575 0.69575 0.69575 0.69575 0.78502 0.78502 0.78502 0.78502 0.83217 0.83217 0.83217 0.83217 0.57009
0.39726 0.39726 0.39726 0.39726 0.30923 0.30923 0.30923 0.30923 0.54458 0.54458 0.54458 0.54458 0.45311 0.45311 0.45311 0.45311 0.07906 0.07906 0.07906 0.07906 0.82253 0.82253 0.82253 0.82253 0.63738 0.63738 0.63738 0.63738 0.23251 0.23251 0.23251 0.23251 0.4586 0.4586 0.4586 0.4586 0.49781 0.49781 0.49781 0.49781 0.72672 0.72672 0.72672 0.72672 0.63885 0.63885 0.63885 0.63885 0.33634 0.33634 0.33634 0.33634 0.39528 0.39528 0.39528 0.39528 0.69575 0.69575 0.69575 0.69575 0.78502 0.78502 0.78502 0.78502 0.83217 0.83217 0.83217 0.83217 0.57009
0.39726 0.39726 0.39726 0.39726 0.30923 0.30923 0.30923 0.30923 0.54458 0.54458 0.54458 0.54458 0.45311 0.45311 0.45311 0.45311 0.07906 0.07906 0.07906 0.07906 0.82253 0.82253 0.82253 0.82253 0.63738 0.63738 0.63738 0.63738 0.23251 0.23251 0.23251 0.23251 0.4586 0.4586 0.4586 0.4586 0.49781 0.49781 0.49781 0.49781 0.72672 0.72672 0.72672 0.72672 0.63885 0.63885 0.63885 0.63885 0.33634 0.33634 0.33634 0.33634 0.39528 0.39528 0.39528 0.39528 0.69575 0.69575 0.69575 0.69575 0.78502 0.78502 0.78502 0.78502 0.83217 0.83217 0.83217 0.83217 0.57009
1.1172 1.1172 1.1172 1.1172 0.67384 0.67384 0.67384 0.67384 0.44756 0.44756 0.44756 0.44756 0.64856 0.64856 0.64856 0.64856 0.45621 0.45621 0.45621 0.45621 0.56679 0.56679 0.56679 0.56679 0.87981 0.87981 0.87981 0.87981 0.07906 0.07906 0.07906 0.07906 0.53881 0.53881 0.53881 0.53881 0.64275 0.64275 0.64275 0.64275 0.6803 0.6803 0.6803 0.6803 0.45173 0.45173 0.45173 0.45173 0.20616 0.20616 0.20616 0.20616 0.07289 0.07289 0.07289 0.07289 0.13807 0.13807 0.13807 0.13807 0.25739 0.25739 0.25739 0.25739 0.54458 0.54458 0.54458 0.54458 0.45069
1.1172 1.1172 1.1172 1.1172 0.67384 0.67384 0.67384 0.67384 0.44756 0.44756 0.44756 0.44756 0.64856 0.64856 0.64856 0.64856 0.45621 0.45621 0.45621 0.45621 0.56679 0.56679 0.56679 0.56679 0.87981 0.87981 0.87981 0.87981 0.07906 0.07906 0.07906 0.07906 0.53881 0.53881 0.53881 0.53881 0.64275 0.64275 0.64275 0.64275 0.6803 0.6803 0.6803 0.6803 0.45173 0.45173 0.45173 0.45173 0.20616 0.20616 0.20616 0.20616 0.07289 0.07289 0.07289 0.07289 0.13807 0.13807 0.13807 0.13807 0.25739 0.25739 0.25739 0.25739 0.54458 0.54458 0.54458 0.54458 0.45069
1.1172 1.1172 1.1172 1.1172 0.67384 0.67384 0.67384 0.67384 0.44756 0.44756 0.44756 0.44756 0.64856 0.64856 0.64856 0.64856 0.45621 0.45621 0.45621 0.45621 0.56679 0.56679 0.56679 0.56679 0.87981 0.87981 0.87981 0.87981 0.07906 0.07906 0.07906 0.07906 0.53881 0.53881 0.53881 0.53881 0.64275 0.64275 0.64275 0.64275 0.6803 0.6803 0.6803 0.6803 0.45173 0.45173 0.45173 0.45173 0.20616 0.20616 0.20616 0.20616 0.07289 0.07289 0.07289 0.07289 0.13807 0.13807 0.13807 0.13807 0.25739 0.25739 0.25739 0.25739 0.54458 0.54458 0.54458 0.54458 0.45069
1.1172 1.1172 1.1172 1.1172 0.67384 0.67384 0.67384 0.67384 0.44756 0.44756 0.44756 0.44756 0.64856 0.64856 0.64856 0.64856 0.45621 0.45621 0.45621 0.45621 0.56679 0.56679 0.56679 0.56679 0.87981 0.87981 0.87981 0.87981 0.07906 0.07906 0.07906 0.07906 0.53881 0.53881 0.53881 0.53881 0.64275 0.64275 0.64275 0.64275 0.6803 0.6803 0.6803 0.6803 0.45173 0.45173 0.45173 0.45173 0.20616 0.20616 0.20616 0.20616 0.07289 0.07289 0.07289 0.07289 0.13807 0.13807 0.13807 0.13807 0.25739 0.25739 0.25739 0.25739 0.54458 0.54458 0.54458 0.54458 0.45069
1.09772 1.09772 1.09772 1.09772 1.3767 1.3767 1.3767 1.3767 0.30052 0.30052 0.30052 0.30052 0.76485 0.76485 0.76485 0.76485 0.74014 0.74014 0.74014 0.74014 0.31474 0.31474 0.31474 0.31474 0.82462 0.82462 0.82462 0.82462 0.36056 0.36056 0.36056 0.36056 0.39726 0.39726 0.39726 0.39726 0.74035 0.74035 0.74035 0.74035 0.63369 0.63369 0.63369 0.63369 0.39528 0.39528 0.39528 0.39528 0.23585 0.23585 0.23585 0.23585 0.125 0.125 0.125 0.125 0.11319 0.11319 0.11319 0.11319 0.10753 0.10753 0.10753 0.10753 0.43481 0.43481 0.43481 0.43481 0.72543
1.09772 1.09772 1.09772 1.09772 1.3767 1.3767 1.3767 1.3767 0.30052 0.30052 0.30052 0.30052 0.76485 0.76485 0.76485 0.76485 0.74014 0.74014 0.74014 0.74014 0.31474 0.31474 0.31474 0.31474 0.82462 0.82462 0.82462 0.82462 0.36056 0.36056 0.36056 0.36056 0.39726 0.39726 0.39726 0.39726 0.74035 0.74035 0.74035 0.74035 0.63369 0.63369 0.63369 0.63369 0.39528 0.39528 0.39528 0.39528 0.23585 0.23585 0.23585 0.23585 0.125 0.125 0.125 0.125 0.11319 0.11319 0.11319 0.11319 0.10753 0.10753 0.10753 0.10753 0.43481 0.43481 0.43481 0.43481 0.72543
1.09772 1.09772 1.09772 1.09772 1.3767 1.3767 1.3767 1.3767 0.30052 0.30052 0.30052 0.30052 0.76485 0.76485 0.76485 0.76485 0.74014 0.74014 0.74014 0.74014 0.31474 0.31474 0.31474 0.31474 0.82462 0.82462 0.82462 0.82462 0.36056 0.36056 0.36056 0.36056 0.39726 0.39726 0.39726 0.39726 0.74035 0.74035 0.74035 0.74035 0.63369 0.63369 0.63369 0.63369 0.39528 0.39528 0.39528 0.39528 0.23585 0.23585 0.23585 0.23585 0.125 0.125 0.125 0.125 0.11319 0.11319 0.11319 0.11319 0.10753 0.10753 0.10753 0.10753 0.43481 0.43481 0.43481 0.43481 0.72543
1.09772 1.09772 1.09772 1.09772 1.3767 1.3767 1.3767 1.3767 0.30052 0.30052 0.30052 0.30052 0.76485 0.76485 0.76485 0.76485 0.74014 0.74014 0.74014 0.74014 0.31474 0.31474 0.31474 0.31474 0.82462 0.82462 0.82462 0.82462 0.36056 0.36056 0.36056 0.36056 0.39726 0.39726 0.39726 0.39726 0.74035 0.74035 0.74035 0.74035 0.63369 0.63369 0.63369 0.63369 0.39528 0.39528 0.39528 0.39528 0.23585 0.23585 0.23585 0.23585 0.125 0.125 0.125 0.125 0.11319 0.11319 0.11319 0.11319 0.10753 0.10753 0.10753 0.10753 0.43481 0.43481 0.43481 0.43481 0.72543
0.25 0.25 0.25 0.25 0.98821 0.98821 0.98821 0.98821 1.16686 1.16686 1.16686 1.16686 0.48894 0.48894 0.48894 0.48894 0.87536 0.87536 0.87536 0.87536 0.26101 0.26101 0.26101 0.26101 0.79863 0.79863 0.79863 0.79863 0.62475 0.62475 0.62475 0.62475 0.45277 0.45277 0.45277 0.45277 0.42793 0.42793 0.42793 0.42793 0.68007 0.68007 0.68007 0.68007 0.45069 0.45069 0.45069 0.45069 0.21213 0.21213 0.21213 0.21213 0.21866 0.21866 0.21866 0.21866 0.25311 0.25311 0.25311 0.25311 0.05303 0.05303 0.05303 0.05303 0.34866 0.34866 0.34866 0.34866 0.82462
0.25 0.25 0.25 0.25 0.98821 0.98821 0.98821 0.98821 1.16686 1.16686 1.16686 1.16686 0.48894 0.48894 0.48894 0.48894 0.87536 0.87536 0.87536 0.87536 0.26101 0.26101 0.26101 0.26101 0.79863 0.79863 0.79863 0.79863 0.62475 0.62475 0.62475 0.62475 0.45277 0.45277 0.45277 0.45277 0.42793 0.42793 0.42793 0.42793 0.68007 0.68007 0.68007 0.68007 0.45069 0.45069 0.45069 0.45069 0.21213 0.21213 0.21213 0.21213 0.21866 0.21866 0.21866 0.21866 0.25311 0.25311 0.25311 0.25311 0.05303 0.05303 0.05303 0.05303 0.34866 0.34866 0.34866 0.34866 0.82462
0.25 0.25 0.25 0.25 0.98821 0.98821 0.98821 0.98821 1.16686 1.16686 1.16686 1.16686 0.48894 0.48894 0.48894 0.48894 0.87536 0.87536 0.87536 0.87536 0.26101 0.26101 0.26101 0.26101 0.79863 0.79863 0.79863 0.79863 0.62475 0.62475 0.62475 0.62475 0.45277 0.45277 0.45277 0.45277 0.42793 0.42793 0.42793 0.42793 0.68007 0.68007 0.68007 0.68007 0.45069 0.45069 0.45069 0.45069 0.21213 0.21213 0.21213 0.21213 0.21866 0.21866 0.21866 0.21866 0.25311 0.25311 0.25311 0.25311 0.05303 0.05303 0.05303 0.05303 0.34866 0.34866 0.34866 0.34866 0.82462
0.25 0.25 0.25 0.25 0.98821 0.98821 0.98821 0.98821 1.16686 1.16686 1.16686 1.16686 0.48894 0.48894 0.48894 0.48894 0.87536 0.87536 0.87536 0.87536 0.26101 0.26101 0.26101 0.26101 0.79863 0.79863 0.79863 0.79863 0.62475 0.62475 0.62475 0.62475 0.45277 0.45277 0.45277 0.45277 0.42793 0.42793 0.42793 0.42793 0.68007 0.68007 0.68007 0.68007 0.45069 0.45069 0.45069 0.45069 0.21213 0.21213 0.21213 0.21213 0.21866 0.21866 0.21866 0.21866 0.25311 0.25311 0.25311 0.25311 0.05303 0.05303 0.05303 0.05303 0.34866 0.34866 0.34866 0.34866 0.82462
0.65192 0.65192 0.65192 0.65192 0.19764 0.19764 0.19764 0.19764 1.15772 1.15772 1.15772 1.15772 0.54829 0.54829 0.54829 0.54829 0.8918 0.8918 0.8918 0.8918 0.3881 0.3881 0.3881 0.3881 0.6425 0.6425 0.6425 0.6425 0.74035 0.74035 0.74035 0.74035 0.74035 0.74035 0.74035 0.74035 0.45277 0.45277 0.45277 0.45277 0.425 0.425 0.425 0.425 0.52559 0.52559 0.52559 0.52559 0.24044 0.24044 0.24044 0.24044 0.26101 0.26101 0.26101 0.26101 0.39528 0.39528 0.39528 0.39528 0.33025 0.33025 0.33025 0.33025 0.03953 0.03953 0.03953 0.03953 0.71063
0.65192 0.65192 0.65192 0.65192 0.19764 0.19764 0.19764 0.19764 1.15772 1.15772 1.15772 1.15772 0.54829 0.54829 0.54829 0.54829 0.8918 0.8918 0.8918 0.8918 0.3881 0.3881 0.3881 0.3881 0.6425 0.6425 0.6425 0.6425 0.74035 0.74035 0.74035 0.74035 0.74035 0.74035 0.74035 0.74035 0.45277 0.45277 0.45277 0.45277 0.425 0.425 0.425 0.425 0.52559 0.52559 0.52559 0.52559 0.24044 0.24044 0.24044 0.24044 0.26101 0.26101 0.26101 0.26101 0.39528 0.39528 0.39528 0.39528 0.33025 0.33025 0.33025 0.33025 0.03953 0.03953 0.03953 0.03953 0.71063
0.65192 0.65192 0.65192 0.65192 0.19764 0.19764 0.19764 0.19764 1.15772 1.15772 1.15772 1.15772 0.54829 0.54829 0.54829 0.54829 0.8918 0.8918 0.8918 0.8918 0.3881 0.3881 0.3881 0.3881 0.6425 0.6425 0.6425 0.6425 0.74035 0.74035 0.74035 0.74035 0.74035 0.74035 0.74035 0.74035 0.45277 0.45277 0.45277 0.45277 0.425 0.425 0.425 0.425 0.52559 0.52559 0.52559 0.52559 0.24044 0.24044 0.24044 0.24044 0.26101 0.26101 0.26101 0.26101 0.39528 0.39528 0.39528 0.39528 0.33025 0.33025 0.33025 0.33025 0.03953 0.03953 0.03953 0.03953 0.71063
0.65192 0.65192 0.65192 0.65192 0.19764 0.19764 0.19764 0.19764 1.15772 1.15772 1.15772 1.15772 0.54829 0.54829 0.54829 0.54829 0.8918 0.8918 0.8918 0.8918 0.3881 0.3881 0.3881 0.3881 0.6425 0.6425 0.6425 0.6425 0.74035 0.74035 0.74035 0.74035 0.74035 0.74035 0.74035 0.74035 0.45277 0.45277 0.45277 0.45277 0.425 0.425 0.425 0.425 0.52559 0.52559 0.52559 0.52559 0.24044 0.24044 0.24044 0.24044 0.26101 0.26101 0.26101 0.26101 0.39528 0.39528 0.39528 0.39528 0.33025 0.33025 0.33025 0.33025 0.03953 0.03953 0.03953 0.03953 0.71063
0.60751 0.60751 0.60751 0.60751 0.86096 0.86096 0.86096 0.86096 0.42019 0.42019 0.42019 0.42019 0.9852 0.9852 0.9852 0.9852 0.36401 0.36401 0.36401 0.36401 0.73824 0.73824 0.73824 0.73824 0.07289 0.07289 0.07289 0.07289 0.35 0.35 0.35 0.35 0.53062 0.53062 0.53062 0.53062 0.61033 0.61033 0.61033 0.61033 0.182 0.182 0.182 0.182 0.39251 0.39251 0.39251 0.39251 0.41908 0.41908 0.41908 0.41908 0.45069 0.45069 0.45069 0.45069 0.59817 0.59817 0.59817 0.59817 0.70378 0.70378 0.70378 0.70378 0.60208 0.60208 0.60208 0.60208 0.07071
0.60751 0.60751 0.60751 0.60751 0.86096 0.86096 0.86096 0.86096 0.42019 0.42019 0.42019 0.42019 0.9852 0.9852 0.9852 0.9852 0.36401 0.36401 0.36401 0.36401 0.73824 0.73824 0.73824 0.73824 0.07289 0.07289 0.07289 0.07289 0.35 0.35 0.35 0.35 0.53062 0.53062 0.53062 0.53062 0.61033 0.61033 0.61033 0.61033 0.182 0.182 0.182 0.182 0.39251 0.39251 0.39251 0.39251 0.41908 0.41908 0.41908 0.41908 0.45069 0.45069 0.45069 0.45069 0.59817 0.59817 0.59817 0.59817 0.70378 0.70378 0.70378 0.70378 0.60208 0.60208 0.60208 0.60208 0.07071
0.60751 0.60751 0.60751 0.60751 0.86096 0.86096 0.86096 0.86096 0.42019 0.42019 0.42019 0.42019 0.9852 0.9852 0.9852 0.9852 0.36401 0.36401 0.36401 0.36401 0.73824 0.73824 0.73824 0.73824 0.07289 0.07289 0.07289 0.07289 0.35 0.35 0.35 0.35 0.53062 0.53062 0.53062 0.53062 0.61033 0.61033 0.61033 0.61033 0.182 0.182 0.182 0.182 0.39251 0.39251 0.39251 0.39251 0.41908 0.41908 0.41908 0.41908 0.45069 0.45069 0.45069 0.45069 0.59817 0.59817 0.59817 0.59817 0.70378 0.70378 0.70378 0.70378 0.60208 0.60208 0.60208 0.60208 0.07071
0.60751 0.60751 0.60751 0.60751 0.86096 0.86096 0.86096 0.86096 0.42019 0.42019 0.42019 0.42019 0.9852 0.9852 0.9852 0.9852 0.36401 0.36401 0.36401 0.36401 0.73824 0.73824 0.73824 0.73824 0.07289 0.07289 0.07289 0.07289 0.35 0.35 0.35 0.35 0.53062 0.53062 0.53062 0.53062 0.61033 0.61033 0.61033 0.61033 0.182 0.182 0.182 0.182 0.39251 0.39251 0.39251 0.39251 0.41908 0.41908 0.41908 0.41908 0.45069 0.45069 0.45069 0.45069 0.59817 0.59817 0.59817 0.59817 0.70378 0.70378 0.70378 0.70378 0.60208 0.60208 0.60208 0.60208 0.07071
0.66919 0.66919 0.66919 0.66919 1.02042 1.02042 1.02042 1.02042 0.41608 0.41608 0.41608 0.41608 0.63664 0.63664 0.63664 0.63664 0.64031 0.64031 0.64031 0.64031 0.47599 0.47599 0.47599 0.47599 0.64348 0.64348 0.64348 0.64348 0.22981 0.22981 0.22981 0.22981 0.25125 0.25125 0.25125 0.25125 0.51265 0.51265 0.51265 0.51265 0.52022 0.52022 0.52022 0.52022 0.10753 0.10753 0.10753 0.10753 0.36785 0.36785 0.36785 0.36785 0.43157 0.43157 0.43157 0.43157 0.47566 0.47566 0.47566 0.47566 0.6013 0.6013 0.6013 0.6013 0.84853 0.84853 0.84853 0.84853 0.60519
0.66919 0.66919 0.66919 0.66919 1.02042 1.02042 1.02042 1.02042 0.41608 0.41608 0.41608 0.41608 0.63664 0.63664 0.63664 0.63664 0.64031 0.64031 0.64031 0.64031 0.47599 0.47599 0.47599 0.47599 0.64348 0.64348 0.64348 0.64348 0.22981 0.22981 0.22981 0.22981 0.25125 0.25125 0.25125 0.25125 0.51265 0.51265 0.51265 0.51265 0.52022 0.52022 0.52022 0.52022 0.10753 0.10753 0.10753 0.10753 0.36785 0.36785 0.36785 0.36785 0.43157 0.43157 0.43157 0.43157 0.47566 0.47566 0.47566 0.47566 0.6013 0.6013 0.6013 0.6013 0.84853 0.84853 0.84853 0.84853 0.60519
0.66919 0.66919 0.66919 0.66919 1.02042 1.02042 1.02042 1.02042 0.41608 0.41608 0.41608 0.41608 0.63664 0.63664 0.63664 0.63664 0.64031 0.64031 0.64031 0.64031 0.47599 0.47599 0.47599 0.47599 0.64348 0.64348 0.64348 0.64348 0.22981 0.22981 0.22981 0.22981 0.25125 0.25125 0.25125 0.25125 0.51265 0.51265 0.51265 0.51265 0.52022 0.52022 0.52022 0.52022 0.10753 0.10753 0.10753 0.10753 0.36785 0.36785 0.36785 0.36785 0.43157 0.43157 0.43157 0.43157 0.47566 0.47566 0.47566 0.47566 0.6013 0.6013 0.6013 0.6013 0.84853 0.84853 0.84853 0.84853 0.60519
0.66919 0.66919 0.66919 0.66919 1.02042 1.02042 1.02042 1.02042 0.41608 0.41608 0.41608 0.41608 0.63664 0.63664 0.63664 0.63664 0.64031 0.64031 0.64031 0.64031 0.47599 0.47599 0.47599 0.47599 0.64348 0.64348 0.64348 0.64348 0.22981 0.22981 0.22981 0.22981 0.25125 0.25125 0.25125 0.25125 0.51265 0.51265 0.51265 0.51265 0.52022 0.52022 0.52022 0.52022 0.10753 0.10753 0.10753 0.10753 0.36785 0.36785 0.36785 0.36785 0.43157 0.43157 0.43157 0.43157 0.47566 0.47566 0.47566 0.47566 0.6013 0.6013 0.6013 0.6013 0.84853 0.84853 0.84853 0.84853 0.60519
0.46704 0.46704 0.46704 0.46704 0.82234 0.82234 0.82234 0.82234 0.77177 0.77177 0.77177 0.77177 0.175 0.175 0.175 0.175 0.84595 0.84595 0.84595 0.84595 0.38079 0.38079 0.38079 0.38079 0.68237 0.68237 0.68237 0.68237 0.46704 0.46704 0.46704 0.46704 0.14252 0.14252 0.14252 0.14252 0.33773 0.33773 0.33773 0.33773 0.67082 0.67082 0.67082 0.67082 0.49529 0.49529 0.49529 0.49529 0.15104 0.15104 0.15104 0.15104 0.2136 0.2136 0.2136 0.2136 0.2136 0.2136 0.2136 0.2136 0.26751 0.26751 0.26751 0.26751 0.6408 0.6408 0.6408 0.6408 0.80971
