EU_test_data/Budapest/budapest_slope.asc
ncols         400
nrows         400
xllcorner     4966250
yllcorner     2686500
cellsize      250
NODATA_value  -9999
[rows 186 to 216 of 400, columns 138 to 206 of 400]
0.09014 0.09014 0.025 0.025 0.025 0.025 0.01768 0.01768 0.01768 0.01768 0.0952 0.0952 0.0952 0.0952 0.18028 0.18028 0.18028 0.18028 0.07906 0.07906 0.07906 0.07906 0.07906 0.07906 0.07906 0.07906 0.05 0.05 0.05 0.05 0.10607 0.10607 0.10607 0.10607 0.19039 0.19039 0.19039 0.19039 0.20156 0.20156 0.20156 0.20156 0.2 0.2 0.2 0.2 0.16771 0.16771 0.16771 0.16771 0.07906 0.07906 0.07906 0.07906 0.25 0.25 0.25 0.25 0.19039 0.19039 0.19039 0.19039 0 0 0 0 0.1 0.1 0.1
0.09014 0.09014 0.025 0.025 0.025 0.025 0.01768 0.01768 0.01768 0.01768 0.0952 0.0952 0.0952 0.0952 0.18028 0.18028 0.18028 0.18028 0.07906 0.07906 0.07906 0.07906 0.07906 0.07906 0.07906 0.07906 0.05 0.05 0.05 0.05 0.10607 0.10607 0.10607 0.10607 0.19039 0.19039 0.19039 0.19039 0.20156 0.20156 0.20156 0.20156 0.2 0.2 0.2 0.2 0.16771 0.16771 0.16771 0.16771 0.07906 0.07906 0.07906 0.07906 0.25 0.25 0.25 0.25 0.19039 0.19039 0.19039 0.19039 0 0 0 0 0.1 0.1 0.1
0.09014 0.09014 0.025 0.025 0.025 0.025 0.01768 0.01768 0.01768 0.01768 0.0952 0.0952 0.0952 0.0952 0.18028 0.18028 0.18028 0.18028 0.07906 0.07906 0.07906 0.07906 0.07906 0.07906 0.07906 0.07906 0.05 0.05 0.05 0.05 0.10607 0.10607 0.10607 0.10607 0.19039 0.19039 0.19039 0.19039 0.20156 0.20156 0.20156 0.20156 0.2 0.2 0.2 0.2 0.16771 0.16771 0.16771 0.16771 0.07906 0.07906 0.07906 0.07906 0.25 0.25 0.25 0.25 0.19039 0.19039 0.19039 0.19039 0 0 0 0 0.1 0.1 0.1
0.06374 0.06374 0.11859 0.11859 0.11859 0.11859 0.07289 0.07289 0.07289 0.07289 0.03953 0.03953 0.03953 0.03953 0.12748 0.12748 0.12748 0.12748 0.07289 0.07289 0.07289 0.07289 0.03953 0.03953 0.03953 0.03953 0.05 0.05 0.05 0.05 0.03536 0.03536 0.03536 0.03536 0.03536 0.03536 0.03536 0.03536 0.03953 0.03953 0.03953 0.03953 0.0559 0.0559 0.0559 0.0559 0.14252 0.14252 0.14252 0.14252 0.1 0.1 0.1 0.1 0.28504 0.28504 0.28504 0.28504 0.17678 0.17678 0.17678 0.17678 0.1 0.1 0.1 0.1 0 0 0
0.06374 0.06374 0.11859 0.11859 0.11859 0.11859 0.07289 0.07289 0.07289 0.07289 0.03953 0.03953 0.03953 0.03953 0.12748 0.12748 0.12748 0.12748 0.07289 0.07289 0.07289 0.07289 0.03953 0.03953 0.03953 0.03953 0.05 0.05 0.05 0.05 0.03536 0.03536 0.03536 0.03536 0.03536 0.03536 0.03536 0.03536 0.03953 0.03953 0.03953 0.03953 0.0559 0.0559 0.0559 0.0559 0.14252 0.14252 0.14252 0.14252 0.1 0.1 0.1 0.1 0.28504 0.28504 0.28504 0.28504 0.17678 0.17678 0.17678 0.17678 0.1 0.1 0.1 0.1 0 0 0
0.06374 0.06374 0.11859 0.11859 0.11859 0.11859 0.07289 0.07289 0.07289 0.07289 0.03953 0.03953 0.03953 0.03953 0.12748 0.12748 0.12748 0.12748 0.07289 0.07289 0.07289 0.07289 0.03953 0.03953 0.03953 0.03953 0.05 0.05 0.05 0.05 0.03536 0.03536 0.03536 0.03536 0.03536 0.03536 0.03536 0.03536 0.03953 0.03953 0.03953 0.03953 0.0559 0.0559 0.0559 0.0559 0.14252 0.14252 0.14252 0.14252 0.1 0.1 0.1 0.1 0.28504 0.28504 0.28504 0.28504 0.17678 0.17678 0.17678 0.17678 0.1 0.1 0.1 0.1 0 0 0
0.06374 0.06374 0.11859 0.11859 0.11859 0.11859 0.07289 0.07289 0.07289 0.07289 0.03953 0.03953 0.03953 0.03953 0.12748 0.12748 0.12748 0.12748 0.07289 0.07289 0.07289 0.07289 0.03953 0.03953 0.03953 0.03953 0.05 0.05 0.05 0.05 0.03536 0.03536 0.03536 0.03536 0.03536 0.03536 0.03536 0.03536 0.03953 0.03953 0.03953 0.03953 0.0559 0.0559 0.0559 0.0559 0.14252 0.14252 0.14252 0.14252 0.1 0.1 0.1 0.1 0.28504 0.28504 0.28504 0.28504 0.17678 0.17678 0.17678 0.17678 0.1 0.1 0.1 0.1 0 0 0
0.10753 0.10753 0.03953 0.03953 0.03953 0.03953 0.125 0.125 0.125 0.125 0.1 0.1 0.1 0.1 0.03953 0.03953 0.03953 0.03953 0.19121 0.19121 0.19121 0.19121 0.2136 0.2136 0.2136 0.2136 0.14577 0.14577 0.14577 0.14577 0.03536 0.03536 0.03536 0.03536 0.07906 0.07906 0.07906 0.07906 0.15 0.15 0.15 0.15 0.18028 0.18028 0.18028 0.18028 0.03536 0.03536 0.03536 0.03536 0.23717 0.23717 0.23717 0.23717 0.28504 0.28504 0.28504 0.28504 0.10607 0.10607 0.10607 0.10607 0.07071 0.07071 0.07071 0.07071 0.08839 0.08839 0.08839
0.10753 0.10753 0.03953 0.03953 0.03953 0.03953 0.125 0.125 0.125 0.125 0.1 0.1 0.1 0.1 0.03953 0.03953 0.03953 0.03953 0.19121 0.19121 0.19121 0.19121 0.2136 0.2136 0.2136 0.2136 0.14577 0.14577 0.14577 0.14577 0.03536 0.03536 0.03536 0.03536 0.07906 0.07906 0.07906 0.07906 0.15 0.15 0.15 0.15 0.18028 0.18028 0.18028 0.18028 0.03536 0.03536 0.03536 0.03536 0.23717 0.23717 0.23717 0.23717 0.28504 0.28504 0.28504 0.28504 0.10607 0.10607 0.10607 0.10607 0.07071 0.07071 0.07071 0.07071 0.08839 0.08839 0.08839
0.10753 0.10753 0.03953 0.03953 0.03953 0.03953 0.125 0.125 0.125 0.125 0.1 0.1 0.1 0.1 0.03953 0.03953 0.03953 0.03953 0.19121 0.19121 0.19121 0.19121 0.2136 0.2136 0.2136 0.2136 0.14577 0.14577 0.14577 0.14577 0.03536 0.03536 0.03536 0.03536 0.07906 0.07906 0.07906 0.07906 0.15 0.15 0.15 0.15 0.18028 0.18028 0.18028 0.18028 0.03536 0.03536 0.03536 0.03536 0.23717 0.23717 0.23717 0.23717 0.28504 0.28504 0.28504 0.28504 0.10607 0.10607 0.10607 0.10607 0.07071 0.07071 0.07071 0.07071 0.08839 0.08839 0.08839
0.10753 0.10753 0.03953 0.03953 0.03953 0.03953 0.125 0.125 0.125 0.125 0.1 0.1 0.1 0.1 0.03953 0.03953 0.03953 0.03953 0.19121 0.19121 0.19121 0.19121 0.2136 0.2136 0.2136 0.2136 0.14577 0.14577 0.14577 0.14577 0.03536 0.03536 0.03536 0.03536 0.07906 0.07906 0.07906 0.07906 0.15 0.15 0.15 0.15 0.18028 0.18028 0.18028 0.18028 0.03536 0.03536 0.03536 0.03536 0.23717 0.23717 0.23717 0.23717 0.28504 0.28504 0.28504 0.28504 0.10607 0.10607 0.10607 0.10607 0.07071 0.07071 0.07071 0.07071 0.08839 0.08839 0.08839
0.14142 0.14142 0.14577 0.14577 0.14577 0.14577 0.14142 0.14142 0.14142 0.14142 0.10308 0.10308 0.10308 0.10308 0.07906 0.07906 0.07906 0.07906 0.11859 0.11859 0.11859 0.11859 0.13463 0.13463 0.13463 0.13463 0.28284 0.28284 0.28284 0.28284 0.14577 0.14577 0.14577 0.14577 0.1 0.1 0.1 0.1 0.07906 0.07906 0.07906 0.07906 0.15 0.15 0.15 0.15 0.17678 0.17678 0.17678 0.17678 0.07906 0.07906 0.07906 0.07906 0.15811 0.15811 0.15811 0.15811 0.2 0.2 0.2 0.2 0.15811 0.15811 0.15811 0.15811 0.0559 0.0559 0.0559
0.14142 0.14142 0.14577 0.14577 0.14577 0.14577 0.14142 0.14142 0.14142 0.14142 0.10308 0.10308 0.10308 0.10308 0.07906 0.07906 0.07906 0.07906 0.11859 0.11859 0.11859 0.11859 0.13463 0.13463 0.13463 0.13463 0.28284 0.28284 0.28284 0.28284 0.14577 0.14577 0.14577 0.14577 0.1 0.1 0.1 0.1 0.07906 0.07906 0.07906 0.07906 0.15 0.15 0.15 0.15 0.17678 0.17678 0.17678 0.17678 0.07906 0.07906 0.07906 0.07906 0.15811 0.15811 0.15811 0.15811 0.2 0.2 0.2 0.2 0.15811 0.15811 0.15811 0.15811 0.0559 0.0559 0.0559
0.14142 0.14142 0.14577 0.14577 0.14577 0.14577 0.14142 0.14142 0.14142 0.14142 0.10308 0.10308 0.10308 0.10308 0.07906 0.07906 0.07906 0.07906 0.11859 0.11859 0.11859 0.11859 0.13463 0.13463 0.13463 0.13463 0.28284 0.28284 0.28284 0.28284 0.14577 0.14577 0.14577 0.14577 0.1 0.1 0.1 0.1 0.07906 0.07906 0.07906 0.07906 0.15 0.15 0.15 0.15 0.17678 0.17678 0.17678 0.17678 0.07906 0.07906 0.07906 0.07906 0.15811 0.15811 0.15811 0.15811 0.2 0.2 0.2 0.2 0.15811 0.15811 0.15811 0.15811 0.0559 0.0559 0.0559
0.14142 0.14142 0.14577 0.14577 0.14577 0.14577 0.14142 0.14142 0.14142 0.14142 0.10308 0.10308 0.10308 0.10308 0.07906 0.07906 0.07906 0.07906 0.11859 0.11859 0.11859 0.11859 0.13463 0.13463 0.13463 0.13463 0.28284 0.28284 0.28284 0.28284 0.14577 0.14577 0.14577 0.14577 0.1 0.1 0.1 0.1 0.07906 0.07906 0.07906 0.07906 0.15 0.15 0.15 0.15 0.17678 0.17678 0.17678 0.17678 0.07906 0.07906 0.07906 0.07906 0.15811 0.15811 0.15811 0.15811 0.2 0.2 0.2 0.2 0.15811 0.15811 0.15811 0.15811 0.0559 0.0559 0.0559
0.025 0.025 0.10308 0.10308 0.10308 0.10308 0.11859 0.11859 0.11859 0.11859 0.025 0.025 0.025 0.025 0.03953 0.03953 0.03953 0.03953 0.1287 0.1287 0.1287 0.1287 0.08839 0.08839 0.08839 0.08839 0.18456 0.18456 0.18456 0.18456 0.19445 0.19445 0.19445 0.19445 0.1 0.1 0.1 0.1 0.06374 0.06374 0.06374 0.06374 0.11319 0.11319 0.11319 0.11319 0.20616 0.20616 0.20616 0.20616 0.03536 0.03536 0.03536 0.03536 0 0 0 0 0 0 0 0 0.1 0.1 0.1 0.1 0.08839 0.08839 0.08839
0.025 0.025 0.10308 0.10308 0.10308 0.10308 0.11859 0.11859 0.11859 0.11859 0.025 0.025 0.025 0.025 0.03953 0.03953 0.03953 0.03953 0.1287 0.1287 0.1287 0.1287 0.08839 0.08839 0.08839 0.08839 0.18456 0.18456 0.18456 0.18456 0.19445 0.19445 0.19445 0.19445 0.1 0.1 0.1 0.1 0.06374 0.06374 0.06374 0.06374 0.11319 0.11319 0.11319 0.11319 0.20616 0.20616 0.20616 0.20616 0.03536 0.03536 0.03536 0.03536 0 0 0 0 0 0 0 0 0.1 0.1 0.1 0.1 0.08839 0.08839 0.08839
0.025 0.025 0.10308 0.10308 0.10308 0.10308 0.11859 0.11859 0.11859 0.11859 0.025 0.025 0.025 0.025 0.03953 0.03953 0.03953 0.03953 0.1287 0.1287 0.1287 0.1287 0.08839 0.08839 0.08839 0.08839 0.18456 0.18456 0.18456 0.18456 0.19445 0.19445 0.19445 0.19445 0.1 0.1 0.1 0.1 0.06374 0.06374 0.06374 0.06374 0.11319 0.11319 0.11319 0.11319 0.20616 0.20616 0.20616 0.20616 0.03536 0.03536 0.03536 0.03536 0 0 0 0 0 0 0 0 0.1 0.1 0.1 0.1 0.08839 0.08839 0.08839
0.025 0.025 0.10308 0.10308 0.10308 0.10308 0.11859 0.11859 0.11859 0.11859 0.025 0.025 0.025 0.025 0.03953 0.03953 0.03953 0.03953 0.1287 0.1287 0.1287 0.1287 0.08839 0.08839 0.08839 0.08839 0.18456 0.18456 0.18456 0.18456 0.19445 0.19445 0.19445 0.19445 0.1 0.1 0.1 0.1 0.06374 0.06374 0.06374 0.06374 0.11319 0.11319 0.11319 0.11319 0.20616 0.20616 0.20616 0.20616 0.03536 0.03536 0.03536 0.03536 0 0 0 0 0 0 0 0 0.1 0.1 0.1 0.1 0.08839 0.08839 0.08839
0.075 0.075 0.025 0.025 0.025 0.025 0.05 0.05 0.05 0.05 0.05303 0.05303 0.05303 0.05303 0.0559 0.0559 0.0559 0.0559 0.07289 0.07289 0.07289 0.07289 0.11859 0.11859 0.11859 0.11859 0.06374 0.06374 0.06374 0.06374 0.14252 0.14252 0.14252 0.14252 0.0559 0.0559 0.0559 0.0559 0.03536 0.03536 0.03536 0.03536 0.1 0.1 0.1 0.1 0.24559 0.24559 0.24559 0.24559 0.18028 0.18028 0.18028 0.18028 0.18792 0.18792 0.18792 0.18792 0.18792 0.18792 0.18792 0.18792 0.1741 0.1741 0.1741 0.1741 0.07289 0.07289 0.07289
0.075 0.075 0.025 0.025 0.025 0.025 0.05 0.05 0.05 0.05 0.05303 0.05303 0.05303 0.05303 0.0559 0.0559 0.0559 0.0559 0.07289 0.07289 0.07289 0.07289 0.11859 0.11859 0.11859 0.11859 0.06374 0.06374 0.06374 0.06374 0.14252 0.14252 0.14252 0.14252 0.0559 0.0559 0.0559 0.0559 0.03536 0.03536 0.03536 0.03536 0.1 0.1 0.1 0.1 0.24559 0.24559 0.24559 0.24559 0.18028 0.18028 0.18028 0.18028 0.18792 0.18792 0.18792 0.18792 0.18792 0.18792 0.18792 0.18792 0.1741 0.1741 0.1741 0.1741 0.07289 0.07289 0.07289
0.075 0.075 0.025 0.025 0.025 0.025 0.05 0.05 0.05 0.05 0.05303 0.05303 0.05303 0.05303 0.0559 0.0559 0.0559 0.0559 0.07289 0.07289 0.07289 0.07289 0.11859 0.11859 0.11859 0.11859 0.06374 0.06374 0.06374 0.06374 0.14252 0.14252 0.14252 0.14252 0.0559 0.0559 0.0559 0.0559 0.03536 0.03536 0.03536 0.03536 0.1 0.1 0.1 0.1 0.24559 0.24559 0.24559 0.24559 0.18028 0.18028 0.18028 0.18028 0.18792 0.18792 0.18792 0.18792 0.18792 0.18792 0.18792 0.18792 0.1741 0.1741 0.1741 0.1741 0.07289 0.07289 0.07289
0.075 0.075 0.025 0.025 0.025 0.025 0.05 0.05 0.05 0.05 0.05303 0.05303 0.05303 0.05303 0.0559 0.0559 0.0559 0.0559 0.07289 0.07289 0.07289 0.07289 0.11859 0.11859 0.11859 0.11859 0.06374 0.06374 0.06374 0.06374 0.14252 0.14252 0.14252 0.14252 0.0559 0.0559 0.0559 0.0559 0.03536 0.03536 0.03536 0.03536 0.1 0.1 0.1 0.1 0.24559 0.24559 0.24559 0.24559 0.18028 0.18028 0.18028 0.18028 0.18792 0.18792 0.18792 0.18792 0.18792 0.18792 0.18792 0.18792 0.1741 0.1741 0.1741 0.1741 0.07289 0.07289 0.07289
0.19121 0.19121 0.17766 0.17766 0.17766 0.17766 0.05 0.05 0.05 0.05 0.03953 0.03953 0.03953 0.03953 0.0559 0.0559 0.0559 0.0559 0.01768 0.01768 0.01768 0.01768 0.0952 0.0952 0.0952 0.0952 0.0952 0.0952 0.0952 0.0952 0.11319 0.11319 0.11319 0.11319 0.05303 0.05303 0.05303 0.05303 0.03953 0.03953 0.03953 0.03953 0.11859 0.11859 0.11859 0.11859 0.27951 0.27951 0.27951 0.27951 0.17678 0.17678 0.17678 0.17678 0.025 0.025 0.025 0.025 0.03953 0.03953 0.03953 0.03953 0.05303 0.05303 0.05303 0.05303 0.0559 0.0559 0.0559
0.19121 0.19121 0.17766 0.17766 0.17766 0.17766 0.05 0.05 0.05 0.05 0.03953 0.03953 0.03953 0.03953 0.0559 0.0559 0.0559 0.0559 0.01768 0.01768 0.01768 0.01768 0.0952 0.0952 0.0952 0.0952 0.0952 0.0952 0.0952 0.0952 0.11319 0.11319 0.11319 0.11319 0.05303 0.05303 0.05303 0.05303 0.03953 0.03953 0.03953 0.03953 0.11859 0.11859 0.11859 0.11859 0.27951 0.27951 0.27951 0.27951 0.17678 0.17678 0.17678 0.17678 0.025 0.025 0.025 0.025 0.03953 0.03953 0.03953 0.03953 0.05303 0.05303 0.05303 0.05303 0.0559 0.0559 0.0559
0.19121 0.19121 0.17766 0.17766 0.17766 0.17766 0.05 0.05 0.05 0.05 0.03953 0.03953 0.03953 0.03953 0.0559 0.0559 0.0559 0.0559 0.01768 0.01768 0.01768 0.01768 0.0952 0.0952 0.0952 0.0952 0.0952 0.0952 0.0952 0.0952 0.11319 0.11319 0.11319 0.11319 0.05303 0.05303 0.05303 0.05303 0.03953 0.03953 0.03953 0.03953 0.11859 0.11859 0.11859 0.11859 0.27951 0.27951 0.27951 0.27951 0.17678 0.17678 0.17678 0.17678 0.025 0.025 0.025 0.025 0.03953 0.03953 0.03953 0.03953 0.05303 0.05303 0.05303 0.05303 0.0559 0.0559 0.0559
0.19121 0.19121 0.17766 0.17766 0.17766 0.17766 0.05 0.05 0.05 0.05 0.03953 0.03953 0.03953 0.03953 0.0559 0.0559 0.0559 0.0559 0.01768 0.01768 0.01768 0.01768 0.0952 0.0952 0.0952 0.0952 0.0952 0.0952 0.0952 0.0952 0.11319 0.11319 0.11319 0.11319 0.05303 0.05303 0.05303 0.05303 0.03953 0.03953 0.03953 0.03953 0.11859 0.11859 0.11859 0.11859 0.27951 0.27951 0.27951 0.27951 0.17678 0.17678 0.17678 0.17678 0.025 0.025 0.025 0.025 0.03953 0.03953 0.03953 0.03953 0.05303 0.05303 0.05303 0.05303 0.0559 0.0559 0.0559
0.12748 0.12748 0.15811 0.15811 0.15811 0.15811 0.1 0.1 0.1 0.1 0 0 0 0 0.03536 0.03536 0.03536 0.03536 0.05303 0.05303 0.05303 0.05303 0.025 0.025 0.025 0.025 0.07289 0.07289 0.07289 0.07289 0.07289 0.07289 0.07289 0.07289 0 0 0 0 0.025 0.025 0.025 0.025 0.09014 0.09014 0.09014 0.09014 0.29633 0.29633 0.29633 0.29633 0.26926 0.26926 0.26926 0.26926 0.01768 0.01768 0.01768 0.01768 0.03953 0.03953 0.03953 0.03953 0.03953 0.03953 0.03953 0.03953 0.01768 0.01768 0.01768
0.12748 0.12748 0.15811 0.15811 0.15811 0.15811 0.1 0.1 0.1 0.1 0 0 0 0 0.03536 0.03536 0.03536 0.03536 0.05303 0.05303 0.05303 0.05303 0.025 0.025 0.025 0.025 0.07289 0.07289 0.07289 0.07289 0.07289 0.07289 0.07289 0.07289 0 0 0 0 0.025 0.025 0.025 0.025 0.09014 0.09014 0.09014 0.09014 0.29633 0.29633 0.29633 0.29633 0.26926 0.26926 0.26926 0.26926 0.01768 0.01768 0.01768 0.01768 0.03953 0.03953 0.03953 0.03953 0.03953 0.03953 0.03953 0.03953 0.01768 0.01768 0.01768
0.12748 0.12748 0.15811 0.15811 0.15811 0.15811 0.1 0.1 0.1 0.1 0 0 0 0 0.03536 0.03536 0.03536 0.03536 0.05303 0.05303 0.05303 0.05303 0.025 0.025 0.025 0.025 0.07289 0.07289 0.07289 0.07289 0.07289 0.07289 0.07289 0.07289 0 0 0 0 0.025 0.025 0.025 0.025 0.09014 0.09014 0.09014 0.09014 0.29633 0.29633 0.29633 0.29633 0.26926 0.26926 0.26926 0.26926 0.01768 0.01768 0.01768 0.01768 0.03953 0.03953 0.03953 0.03953 0.03953 0.03953 0.03953 0.03953 0.01768 0.01768 0.01768
0.12748 0.12748 0.15811 0.15811 0.15811 0.15811 0.1 0.1 0.1 0.1 0 0 0 0 0.03536 0.03536 0.03536 0.03536 0.05303 0.05303 0.05303 0.05303 0.025 0.025 0.025 0.025 0.07289 0.07289 0.07289 0.07289 0.07289 0.07289 0.07289 0.07289 0 0 0 0 0.025 0.025 0.025 0.025 0.09014 0.09014 0.09014 0.09014 0.29633 0.29633 0.29633 0.29633 0.26926 0.26926 0.26926 0.26926 0.01768 0.01768 0.01768 0.01768 0.03953 0.03953 0.03953 0.03953 0.03953 0.03953 0.03953 0.03953 0.01768 0.01768 0.01768
