EU_test_data/Budapest/budapest_elevation.asc
ncols         400
nrows         400
xllcorner     4966250
yllcorner     2686500
cellsize      250
NODATA_value  -9999
[rows 0 to 54 of 400, columns 96 to 191 of 400]
111 111 111 111 115 115 115 115 117 117 117 117 122 122 122 122 119 119 119 119 102 102 102 102 78 78 78 78 42 42 42 42 30 30 30 30 30 30 30 30 30 30 30 30 28 28 28 28 34 34 34 34 34 34 34 34 38 38 38 38 52 52 52 52 56 56 56 56 48 48 48 48 46 46 46 46 58 58 58 58 72 72 72 72 85 85 85 85 83 83 83 83 89 89 89 89
106 106 106 106 117 117 117 117 122 122 122 122 117 117 117 117 118 118 118 118 114 114 114 114 89 89 89 89 56 56 56 56 23 23 23 23 33 33 33 33 31 31 31 31 30 30 30 30 34 34 34 34 34 34 34 34 34 34 34 34 40 40 40 40 50 50 50 50 57 57 57 57 53 53 53 53 57 57 57 57 65 65 65 65 67 67 67 67 75 75 75 75 77 77 77 77
106 106 106 106 117 117 117 117 122 122 122 122 117 117 117 117 118 118 118 118 114 114 114 114 89 89 89 89 56 56 56 56 23 23 23 23 33 33 33 33 31 31 31 31 30 30 30 30 34 34 34 34 34 34 34 34 34 34 34 34 40 40 40 40 50 50 50 50 57 57 57 57 53 53 53 53 57 57 57 57 65 65 65 65 67 67 67 67 75 75 75 75 77 77 77 77
106 106 106 106 117 117 117 117 122 122 122 122 117 117 117 117 118 118 118 118 114 114 114 114 89 89 89 89 56 56 56 56 23 23 23 23 33 33 33 33 31 31 31 31 30 30 30 30 34 34 34 34 34 34 34 34 34 34 34 34 40 40 40 40 50 50 50 50 57 57 57 57 53 53 53 53 57 57 57 57 65 65 65 65 67 67 67 67 75 75 75 75 77 77 77 77
106 106 106 106 117 117 117 117 122 122 122 122 117 117 117 117 118 118 118 118 114 114 114 114 89 89 89 89 56 56 56 56 23 23 23 23 33 33 33 33 31 31 31 31 30 30 30 30 34 34 34 34 34 34 34 34 34 34 34 34 40 40 40 40 50 50 50 50 57 57 57 57 53 53 53 53 57 57 57 57 65 65 65 65 67 67 67 67 75 75 75 75 77 77 77 77
110 110 110 110 117 117 117 117 120 120 120 120 117 117 117 117 115 115 115 115 111 111 111 111 94 94 94 94 56 56 56 56 25 25 25 25 32 32 32 32 31 31 31 31 30 30 30 30 32 32 32 32 36 36 36 36 36 36 36 36 36 36 36 36 39 39 39 39 43 43 43 43 45 45 45 45 44 44 44 44 53 53 53 53 59 59 59 59 67 67 67 67 73 73 73 73
110 110 110 110 117 117 117 117 120 120 120 120 117 117 117 117 115 115 115 115 111 111 111 111 94 94 94 94 56 56 56 56 25 25 25 25 32 32 32 32 31 31 31 31 30 30 30 30 32 32 32 32 36 36 36 36 36 36 36 36 36 36 36 36 39 39 39 39 43 43 43 43 45 45 45 45 44 44 44 44 53 53 53 53 59 59 59 59 67 67 67 67 73 73 73 73
110 110 110 110 117 117 117 117 120 120 120 120 117 117 117 117 115 115 115 115 111 111 111 111 94 94 94 94 56 56 56 56 25 25 25 25 32 32 32 32 31 31 31 31 30 30 30 30 32 32 32 32 36 36 36 36 36 36 36 36 36 36 36 36 39 39 39 39 43 43 43 43 45 45 45 45 44 44 44 44 53 53 53 53 59 59 59 59 67 67 67 67 73 73 73 73
110 110 110 110 117 117 117 117 120 120 120 120 117 117 117 117 115 115 115 115 111 111 111 111 94 94 94 94 56 56 56 56 25 25 25 25 32 32 32 32 31 31 31 31 30 30 30 30 32 32 32 32 36 36 36 36 36 36 36 36 36 36 36 36 39 39 39 39 43 43 43 43 45 45 45 45 44 44 44 44 53 53 53 53 59 59 59 59 67 67 67 67 73 73 73 73
113 113 113 113 119 119 119 119 116 116 116 116 114 114 114 114 111 111 111 111 110 110 110 110 100 100 100 100 55 55 55 55 25 25 25 25 32 32 32 32 31 31 31 31 30 30 30 30 32 32 32 32 34 34 34 34 36 36 36 36 34 34 34 34 38 38 38 38 38 38 38 38 40 40 40 40 44 44 44 44 47 47 47 47 54 54 54 54 64 64 64 64 74 74 74 74
113 113 113 113 119 119 119 119 116 116 116 116 114 114 114 114 111 111 111 111 110 110 110 110 100 100 100 100 55 55 55 55 25 25 25 25 32 32 32 32 31 31 31 31 30 30 30 30 32 32 32 32 34 34 34 34 36 36 36 36 34 34 34 34 38 38 38 38 38 38 38 38 40 40 40 40 44 44 44 44 47 47 47 47 54 54 54 54 64 64 64 64 74 74 74 74
113 113 113 113 119 119 119 119 116 116 116 116 114 114 114 114 111 111 111 111 110 110 110 110 100 100 100 100 55 55 55 55 25 25 25 25 32 32 32 32 31 31 31 31 30 30 30 30 32 32 32 32 34 34 34 34 36 36 36 36 34 34 34 34 38 38 38 38 38 38 38 38 40 40 40 40 44 44 44 44 47 47 47 47 54 54 54 54 64 64 64 64 74 74 74 74
113 113 113 113 119 119 119 119 116 116 116 116 114 114 114 114 111 111 111 111 110 110 110 110 100 100 100 100 55 55 55 55 25 25 25 25 32 32 32 32 31 31 31 31 30 30 30 30 32 32 32 32 34 34 34 34 36 36 36 36 34 34 34 34 38 38 38 38 38 38 38 38 40 40 40 40 44 44 44 44 47 47 47 47 54 54 54 54 64 64 64 64 74 74 74 74
110 110 110 110 112 112 112 112 103 103 103 103 102 102 102 102 104 104 104 104 106 106 106 106 101 101 101 101 58 58 58 58 25 25 25 25 36 36 36 36 31 31 31 31 33 33 33 33 34 34 34 34 38 38 38 38 38 38 38 38 38 38 38 38 38 38 38 38 37 37 37 37 41 41 41 41 47 47 47 47 55 55 55 55 57 57 57 57 62 62 62 62 77 77 77 77
110 110 110 110 112 112 112 112 103 103 103 103 102 102 102 102 104 104 104 104 106 106 106 106 101 101 101 101 58 58 58 58 25 25 25 25 36 36 36 36 31 31 31 31 33 33 33 33 34 34 34 34 38 38 38 38 38 38 38 38 38 38 38 38 38 38 38 38 37 37 37 37 41 41 41 41 47 47 47 47 55 55 55 55 57 57 57 57 62 62 62 62 77 77 77 77
110 110 110 110 112 112 112 112 103 103 103 103 102 102 102 102 104 104 104 104 106 106 106 106 101 101 101 101 58 58 58 58 25 25 25 25 36 36 36 36 31 31 31 31 33 33 33 33 34 34 34 34 38 38 38 38 38 38 38 38 38 38 38 38 38 38 38 38 37 37 37 37 41 41 41 41 47 47 47 47 55 55 55 55 57 57 57 57 62 62 62 62 77 77 77 77
110 110 110 110 112 112 112 112 103 103 103 103 102 102 102 102 104 104 104 104 106 106 106 106 101 101 101 101 58 58 58 58 25 25 25 25 36 36 36 36 31 31 31 31 33 33 33 33 34 34 34 34 38 38 38 38 38 38 38 38 38 38 38 38 38 38 38 38 37 37 37 37 41 41 41 41 47 47 47 47 55 55 55 55 57 57 57 57 62 62 62 62 77 77 77 77
108 108 108 108 101 101 101 101 87 87 87 87 76 76 76 76 81 81 81 81 90 90 90 90 93 93 93 93 55 55 55 55 25 25 25 25 32 32 32 32 31 31 31 31 34 34 34 34 34 34 34 34 38 38 38 38 38 38 38 38 40 40 40 40 40 40 40 40 41 41 41 41 43 43 43 43 48 48 48 48 61 61 61 61 65 65 65 65 59 59 59 59 72 72 72 72
108 108 108 108 101 101 101 101 87 87 87 87 76 76 76 76 81 81 81 81 90 90 90 90 93 93 93 93 55 55 55 55 25 25 25 25 32 32 32 32 31 31 31 31 34 34 34 34 34 34 34 34 38 38 38 38 38 38 38 38 40 40 40 40 40 40 40 40 41 41 41 41 43 43 43 43 48 48 48 48 61 61 61 61 65 65 65 65 59 59 59 59 72 72 72 72
108 108 108 108 101 101 101 101 87 87 87 87 76 76 76 76 81 81 81 81 90 90 90 90 93 93 93 93 55 55 55 55 25 25 25 25 32 32 32 32 31 31 31 31 34 34 34 34 34 34 34 34 38 38 38 38 38 38 38 38 40 40 40 40 40 40 40 40 41 41 41 41 43 43 43 43 48 48 48 48 61 61 61 61 65 65 65 65 59 59 59 59 72 72 72 72
108 108 108 108 101 101 101 101 87 87 87 87 76 76 76 76 81 81 81 81 90 90 90 90 93 93 93 93 55 55 55 55 25 25 25 25 32 32 32 32 31 31 31 31 34 34 34 34 34 34 34 34 38 38 38 38 38 38 38 38 40 40 40 40 40 40 40 40 41 41 41 41 43 43 43 43 48 48 48 48 61 61 61 61 65 65 65 65 59 59 59 59 72 72 72 72
110 110 110 110 100 100 100 100 80 80 80 80 66 66 66 66 62 62 62 62 64 64 64 64 73 73 73 73 41 41 41 41 31 31 31 31 32 32 32 32 31 31 31 31 34 34 34 34 38 38 38 38 38 38 38 38 40 40 40 40 43 43 43 43 45 45 45 45 47 47 47 47 45 45 45 45 48 48 48 48 59 59 59 59 70 70 70 70 63 63 63 63 71 71 71 71
110 110 110 110 100 100 100 100 80 80 80 80 66 66 66 66 62 62 62 62 64 64 64 64 73 73 73 73 41 41 41 41 31 31 31 31 32 32 32 32 31 31 31 31 34 34 34 34 38 38 38 38 38 38 38 38 40 40 40 40 43 43 43 43 45 45 45 45 47 47 47 47 45 45 45 45 48 48 48 48 59 59 59 59 70 70 70 70 63 63 63 63 71 71 71 71
110 110 110 110 100 100 100 100 80 80 80 80 66 66 66 66 62 62 62 62 64 64 64 64 73 73 73 73 41 41 41 41 31 31 31 31 32 32 32 32 31 31 31 31 34 34 34 34 38 38 38 38 38 38 38 38 40 40 40 40 43 43 43 43 45 45 45 45 47 47 47 47 45 45 45 45 48 48 48 48 59 59 59 59 70 70 70 70 63 63 63 63 71 71 71 71
110 110 110 110 100 100 100 100 80 80 80 80 66 66 66 66 62 62 62 62 64 64 64 64 73 73 73 73 41 41 41 41 31 31 31 31 32 32 32 32 31 31 31 31 34 34 34 34 38 38 38 38 38 38 38 38 40 40 40 40 43 43 43 43 45 45 45 45 47 47 47 47 45 45 45 45 48 48 48 48 59 59 59 59 70 70 70 70 63 63 63 63 71 71 71 71
111 111 111 111 107 107 107 107 99 99 99 99 77 77 77 77 59 59 59 59 49 49 49 49 45 45 45 45 30 30 30 30 33 33 33 33 32 32 32 32 30 30 30 30 38 38 38 38 38 38 38 38 41 41 41 41 44 44 44 44 45 45 45 45 48 48 48 48 60 60 60 60 55 55 55 55 50 50 50 50 52 52 52 52 65 65 65 65 68 68 68 68 71 71 71 71
111 111 111 111 107 107 107 107 99 99 99 99 77 77 77 77 59 59 59 59 49 49 49 49 45 45 45 45 30 30 30 30 33 33 33 33 32 32 32 32 30 30 30 30 38 38 38 38 38 38 38 38 41 41 41 41 44 44 44 44 45 45 45 45 48 48 48 48 60 60 60 60 55 55 55 55 50 50 50 50 52 52 52 52 65 65 65 65 68 68 68 68 71 71 71 71
111 111 111 111 107 107 107 107 99 99 99 99 77 77 77 77 59 59 59 59 49 49 49 49 45 45 45 45 30 30 30 30 33 33 33 33 32 32 32 32 30 30 30 30 38 38 38 38 38 38 38 38 41 41 41 41 44 44 44 44 45 45 45 45 48 48 48 48 60 60 60 60 55 55 55 55 50 50 50 50 52 52 52 52 65 65 65 65 68 68 68 68 71 71 71 71
111 111 111 111 107 107 107 107 99 99 99 99 77 77 77 77 59 59 59 59 49 49 49 49 45 45 45 45 30 30 30 30 33 33 33 33 32 32 32 32 30 30 30 30 38 38 38 38 38 38 38 38 41 41 41 41 44 44 44 44 45 45 45 45 48 48 48 48 60 60 60 60 55 55 55 55 50 50 50 50 52 52 52 52 65 65 65 65 68 68 68 68 71 71 71 71
109 109 109 109 100 100 100 100 87 87 87 87 62 62 62 62 40 40 40 40 48 48 48 48 37 37 37 37 31 31 31 31 32 32 32 32 32 32 32 32 31 31 31 31 39 39 39 39 44 44 44 44 46 46 46 46 51 51 51 51 55 55 55 55 57 57 57 57 61 61 61 61 63 63 63 63 58 58 58 58 52 52 52 52 52 52 52 52 67 67 67 67 67 67 67 67
109 109 109 109 100 100 100 100 87 87 87 87 62 62 62 62 40 40 40 40 48 48 48 48 37 37 37 37 31 31 31 31 32 32 32 32 32 32 32 32 31 31 31 31 39 39 39 39 44 44 44 44 46 46 46 46 51 51 51 51 55 55 55 55 57 57 57 57 61 61 61 61 63 63 63 63 58 58 58 58 52 52 52 52 52 52 52 52 67 67 67 67 67 67 67 67
109 109 109 109 100 100 100 100 87 87 87 87 62 62 62 62 40 40 40 40 48 48 48 48 37 37 37 37 31 31 31 31 32 32 32 32 32 32 32 32 31 31 31 31 39 39 39 39 44 44 44 44 46 46 46 46 51 51 51 51 55 55 55 55 57 57 57 57 61 61 61 61 63 63 63 63 58 58 58 58 52 52 52 52 52 52 52 52 67 67 67 67 67 67 67 67
109 109 109 109 100 100 100 100 87 87 87 87 62 62 62 62 40 40 40 40 48 48 48 48 37 37 37 37 31 31 31 31 32 32 32 32 32 32 32 32 31 31 31 31 39 39 39 39 44 44 44 44 46 46 46 46 51 51 51 51 55 55 55 55 57 57 57 57 61 61 61 61 63 63 63 63 58 58 58 58 52 52 52 52 52 52 52 52 67 67 67 67 67 67 67 67
70 70 70 70 84 84 84 84 57 57 57 57 40 40 40 40 32 32 32 32 33 33 33 33 32 32 32 32 30 30 30 30 36 36 36 36 30 30 30 30 31 31 31 31 40 40 40 40 55 55 55 55 57 57 57 57 60 60 60 60 61 61 61 61 63 63 63 63 67 67 67 67 69 69 69 69 63 63 63 63 59 59 59 59 58 58 58 58 60 60 60 60 62 62 62 62
70 70 70 70 84 84 84 84 57 57 57 57 40 40 40 40 32 32 32 32 33 33 33 33 32 32 32 32 30 30 30 30 36 36 36 36 30 30 30 30 31 31 31 31 40 40 40 40 55 55 55 55 57 57 57 57 60 60 60 60 61 61 61 61 63 63 63 63 67 67 67 67 69 69 69 69 63 63 63 63 59 59 59 59 58 58 58 58 60 60 60 60 62 62 62 62
70 70 70 70 84 84 84 84 57 57 57 57 40 40 40 40 32 32 32 32 33 33 33 33 32 32 32 32 30 30 30 30 36 36 36 36 30 30 30 30 31 31 31 31 40 40 40 40 55 55 55 55 57 57 57 57 60 60 60 60 61 61 61 61 63 63 63 63 67 67 67 67 69 69 69 69 63 63 63 63 59 59 59 59 58 58 58 58 60 60 60 60 62 62 62 62
70 70 70 70 84 84 84 84 57 57 57 57 40 40 40 40 32 32 32 32 33 33 33 33 32 32 32 32 30 30 30 30 36 36 36 36 30 30 30 30 31 31 31 31 40 40 40 40 55 55 55 55 57 57 57 57 60 60 60 60 61 61 61 61 63 63 63 63 67 67 67 67 69 69 69 69 63 63 63 63 59 59 59 59 58 58 58 58 60 60 60 60 62 62 62 62
58 58 58 58 60 60 60 60 53 53 53 53 38 38 38 38 33 33 33 33 30 30 30 30 32 32 32 32 31 31 31 31 34 34 34 34 33 33 33 33 31 31 31 31 39 39 39 39 46 46 46 46 59 59 59 59 65 65 65 65 65 65 65 65 69 69 69 69 83 83 83 83 81 81 81 81 73 73 73 73 67 67 67 67 59 59 59 59 57 57 57 57 63 63 63 63
58 58 58 58 60 60 60 60 53 53 53 53 38 38 38 38 33 33 33 33 30 30 30 30 32 32 32 32 31 31 31 31 34 34 34 34 33 33 33 33 31 31 31 31 39 39 39 39 46 46 46 46 59 59 59 59 65 65 65 65 65 65 65 65 69 69 69 69 83 83 83 83 81 81 81 81 73 73 73 73 67 67 67 67 59 59 59 59 57 57 57 57 63 63 63 63
58 58 58 58 60 60 60 60 53 53 53 53 38 38 38 38 33 33 33 33 30 30 30 30 32 32 32 32 31 31 31 31 34 34 34 34 33 33 33 33 31 31 31 31 39 39 39 39 46 46 46 46 59 59 59 59 65 65 65 65 65 65 65 65 69 69 69 69 83 83 83 83 81 81 81 81 73 73 73 73 67 67 67 67 59 59 59 59 57 57 57 57 63 63 63 63
58 58 58 58 60 60 60 60 53 53 53 53 38 38 38 38 33 33 33 33 30 30 30 30 32 32 32 32 31 31 31 31 34 34 34 34 33 33 33 33 31 31 31 31 39 39 39 39 46 46 46 46 59 59 59 59 65 65 65 65 65 65 65 65 69 69 69 69 83 83 83 83 81 81 81 81 73 73 73 73 67 67 67 67 59 59 59 59 57 57 57 57 63 63 63 63
76 76 76 76 63 63 63 63 47 47 47 47 39 39 39 39 36 36 36 36 32 32 32 32 33 33 33 33 31 31 31 31 36 36 36 36 28 28 28 28 36 36 36 36 39 39 39 39 43 43 43 43 49 49 49 49 62 62 62 62 66 66 66 66 73 73 73 73 80 80 80 80 77 77 77 77 73 73 73 73 63 63 63 63 60 60 60 60 58 58 58 58 64 64 64 64
76 76 76 76 63 63 63 63 47 47 47 47 39 39 39 39 36 36 36 36 32 32 32 32 33 33 33 33 31 31 31 31 36 36 36 36 28 28 28 28 36 36 36 36 39 39 39 39 43 43 43 43 49 49 49 49 62 62 62 62 66 66 66 66 73 73 73 73 80 80 80 80 77 77 77 77 73 73 73 73 63 63 63 63 60 60 60 60 58 58 58 58 64 64 64 64
76 76 76 76 63 63 63 63 47 47 47 47 39 39 39 39 36 36 36 36 32 32 32 32 33 33 33 33 31 31 31 31 36 36 36 36 28 28 28 28 36 36 36 36 39 39 39 39 43 43 43 43 49 49 49 49 62 62 62 62 66 66 66 66 73 73 73 73 80 80 80 80 77 77 77 77 73 73 73 73 63 63 63 63 60 60 60 60 58 58 58 58 64 64 64 64
76 76 76 76 63 63 63 63 47 47 47 47 39 39 39 39 36 36 36 36 32 32 32 32 33 33 33 33 31 31 31 31 36 36 36 36 28 28 28 28 36 36 36 36 39 39 39 39 43 43 43 43 49 49 49 49 62 62 62 62 66 66 66 66 73 73 73 73 80 80 80 80 77 77 77 77 73 73 73 73 63 63 63 63 60 60 60 60 58 58 58 58 64 64 64 64
88 88 88 88 64 64 64 64 58 58 58 58 44 44 44 44 32 32 32 32 30 30 30 30 30 30 30 30 29 29 29 29 30 30 30 30 25 25 25 25 32 32 32 32 40 40 40 40 45 45 45 45 54 54 54 54 57 57 57 57 69 69 69 69 67 67 67 67 67 67 67 67 66 66 66 66 63 63 63 63 64 64 64 64 58 58 58 58 58 58 58 58 62 62 62 62
88 88 88 88 64 64 64 64 58 58 58 58 44 44 44 44 32 32 32 32 30 30 30 30 30 30 30 30 29 29 29 29 30 30 30 30 25 25 25 25 32 32 32 32 40 40 40 40 45 45 45 45 54 54 54 54 57 57 57 57 69 69 69 69 67 67 67 67 67 67 67 67 66 66 66 66 63 63 63 63 64 64 64 64 58 58 58 58 58 58 58 58 62 62 62 62
88 88 88 88 64 64 64 64 58 58 58 58 44 44 44 44 32 32 32 32 30 30 30 30 30 30 30 30 29 29 29 29 30 30 30 30 25 25 25 25 32 32 32 32 40 40 40 40 45 45 45 45 54 54 54 54 57 57 57 57 69 69 69 69 67 67 67 67 67 67 67 67 66 66 66 66 63 63 63 63 64 64 64 64 58 58 58 58 58 58 58 58 62 62 62 62
88 88 88 88 64 64 64 64 58 58 58 58 44 44 44 44 32 32 32 32 30 30 30 30 30 30 30 30 29 29 29 29 30 30 30 30 25 25 25 25 32 32 32 32 40 40 40 40 45 45 45 45 54 54 54 54 57 57 57 57 69 69 69 69 67 67 67 67 67 67 67 67 66 66 66 66 63 63 63 63 64 64 64 64 58 58 58 58 58 58 58 58 62 62 62 62
105 105 105 105 74 74 74 74 61 61 61 61 48 48 48 48 36 36 36 36 30 30 30 30 31 31 31 31 27 27 27 27 31 31 31 31 25 25 25 25 30 30 30 30 39 39 39 39 45 45 45 45 48 48 48 48 46 46 46 46 61 61 61 61 65 65 65 65 74 74 74 74 63 63 63 63 64 64 64 64 61 61 61 61 64 64 64 64 61 61 61 61 63 63 63 63
105 105 105 105 74 74 74 74 61 61 61 61 48 48 48 48 36 36 36 36 30 30 30 30 31 31 31 31 27 27 27 27 31 31 31 31 25 25 25 25 30 30 30 30 39 39 39 39 45 45 45 45 48 48 48 48 46 46 46 46 61 61 61 61 65 65 65 65 74 74 74 74 63 63 63 63 64 64 64 64 61 61 61 61 64 64 64 64 61 61 61 61 63 63 63 63
105 105 105 105 74 74 74 74 61 61 61 61 48 48 48 48 36 36 36 36 30 30 30 30 31 31 31 31 27 27 27 27 31 31 31 31 25 25 25 25 30 30 30 30 39 39 39 39 45 45 45 45 48 48 48 48 46 46 46 46 61 61 61 61 65 65 65 65 74 74 74 74 63 63 63 63 64 64 64 64 61 61 61 61 64 64 64 64 61 61 61 61 63 63 63 63
105 105 105 105 74 74 74 74 61 61 61 61 48 48 48 48 36 36 36 36 30 30 30 30 31 31 31 31 27 27 27 27 31 31 31 31 25 25 25 25 30 30 30 30 39 39 39 39 45 45 45 45 48 48 48 48 46 46 46 46 61 61 61 61 65 65 65 65 74 74 74 74 63 63 63 63 64 64 64 64 61 61 61 61 64 64 64 64 61 61 61 61 63 63 63 63
107 107 107 107 94 94 94 94 79 79 79 79 58 58 58 58 47 47 47 47 33 33 33 33 31 31 31 31 25 25 25 25 28 28 28 28 27 27 27 27 30 30 30 30 38 38 38 38 43 43 43 43 43 43 43 43 42 42 42 42 49 49 49 49 55 55 55 55 79 79 79 79 73 73 73 73 63 63 63 63 62 62 62 62 63 63 63 63 63 63 63 63 68 68 68 68
107 107 107 107 94 94 94 94 79 79 79 79 58 58 58 58 47 47 47 47 33 33 33 33 31 31 31 31 25 25 25 25 28 28 28 28 27 27 27 27 30 30 30 30 38 38 38 38 43 43 43 43 43 43 43 43 42 42 42 42 49 49 49 49 55 55 55 55 79 79 79 79 73 73 73 73 63 63 63 63 62 62 62 62 63 63 63 63 63 63 63 63 68 68 68 68
