EU_test_data/Lisbon/lisbon_slope.asc
ncols         400
nrows         400
xllcorner     2680750
yllcorner     1902250
cellsize      250
NODATA_value  -9999
[rows 33 to 65 of 400, columns 222 to 295 of 400]
1.65841 1.47923 1.47923 1.47923 1.47923 1.18335 1.18335 1.18335 1.18335 0.989476 0.989476 0.989476 0.989476 0.821774 0.821774 0.821774 0.821774 0.677541 0.677541 0.677541 0.677541 0.813365 0.813365 0.813365 0.813365 0.403113 0.403113 0.403113 0.403113 0.427931 0.427931 0.427931 0.427931 0.337731 0.337731 0.337731 0.337731 0.609559 0.609559 0.609559 0.609559 0.398826 0.398826 0.398826 0.398826 0.230489 0.230489 0.230489 0.230489 0.499062 0.499062 0.499062 0.499062 1.31731 1.31731 1.31731 1.31731 0.8544 0.8544 0.8544 0.8544 1.00078 1.00078 1.00078 1.00078 1.39698 1.39698 1.39698 1.39698 0.982503 0.982503 0.982503 0.982503 0.367848
0.743303 0.548863 0.548863 0.548863 0.548863 0.765874 0.765874 0.765874 0.765874 0.552551 0.552551 0.552551 0.552551 0.296332 0.296332 0.296332 0.296332 0.352225 0.352225 0.352225 0.352225 0.640556 0.640556 0.640556 0.640556 0.230489 0.230489 0.230489 0.230489 0.687614 0.687614 0.687614 0.687614 0.304138 0.304138 0.304138 0.304138 0.845946 0.845946 0.845946 0.845946 1.22181 1.22181 1.22181 1.22181 1.16216 1.16216 1.16216 1.16216 0.664267 0.664267 0.664267 0.664267 0.789976 0.789976 0.789976 0.789976 0.80039 0.80039 0.80039 0.80039 1.31077 1.31077 1.31077 1.31077 1.20026 1.20026 1.20026 1.20026 0.617455 0.617455 0.617455 0.617455 0.237171
0.743303 0.548863 0.548863 0.548863 0.548863 0.765874 0.765874 0.765874 0.765874 0.552551 0.552551 0.552551 0.552551 0.296332 0.296332 0.296332 0.296332 0.352225 0.352225 0.352225 0.352225 0.640556 0.640556 0.640556 0.640556 0.230489 0.230489 0.230489 0.230489 0.687614 0.687614 0.687614 0.687614 0.304138 0.304138 0.304138 0.304138 0.845946 0.845946 0.845946 0.845946 1.22181 1.22181 1.22181 1.22181 1.16216 1.16216 1.16216 1.16216 0.664267 0.664267 0.664267 0.664267 0.789976 0.789976 0.789976 0.789976 0.80039 0.80039 0.80039 0.80039 1.31077 1.31077 1.31077 1.31077 1.20026 1.20026 1.20026 1.20026 0.617455 0.617455 0.617455 0.617455 0.237171
0.743303 0.548863 0.548863 0.548863 0.548863 0.765874 0.765874 0.765874 0.765874 0.552551 0.552551 0.552551 0.552551 0.296332 0.296332 0.296332 0.296332 0.352225 0.352225 0.352225 0.352225 0.640556 0.640556 0.640556 0.640556 0.230489 0.230489 0.230489 0.230489 0.687614 0.687614 0.687614 0.687614 0.304138 0.304138 0.304138 0.304138 0.845946 0.845946 0.845946 0.845946 1.22181 1.22181 1.22181 1.22181 1.16216 1.16216 1.16216 1.16216 0.664267 0.664267 0.664267 0.664267 0.789976 0.789976 0.789976 0.789976 0.80039 0.80039 0.80039 0.80039 1.31077 1.31077 1.31077 1.31077 1.20026 1.20026 1.20026 1.20026 0.617455 0.617455 0.617455 0.617455 0.237171
0.743303 0.548863 0.548863 0.548863 0.548863 0.765874 0.765874 0.765874 0.765874 0.552551 0.552551 0.552551 0.552551 0.296332 0.296332 0.296332 0.296332 0.352225 0.352225 0.352225 0.352225 0.640556 0.640556 0.640556 0.640556 0.230489 0.230489 0.230489 0.230489 0.687614 0.687614 0.687614 0.687614 0.304138 0.304138 0.304138 0.304138 0.845946 0.845946 0.845946 0.845946 1.22181 1.22181 1.22181 1.22181 1.16216 1.16216 1.16216 1.16216 0.664267 0.664267 0.664267 0.664267 0.789976 0.789976 0.789976 0.789976 0.80039 0.80039 0.80039 0.80039 1.31077 1.31077 1.31077 1.31077 1.20026 1.20026 1.20026 1.20026 0.617455 0.617455 0.617455 0.617455 0.237171
0.751041 0.206912 0.206912 0.206912 0.206912 0.978679 0.978679 0.978679 0.978679 0.536773 0.536773 0.536773 0.536773 0.201556 0.201556 0.201556 0.201556 0.375 0.375 0.375 0.375 0.505594 0.505594 0.505594 0.505594 0.276699 0.276699 0.276699 0.276699 0.728869 0.728869 0.728869 0.728869 0.348658 0.348658 0.348658 0.348658 0.680073 0.680073 0.680073 0.680073 1.22907 1.22907 1.22907 1.22907 1.48513 1.48513 1.48513 1.48513 0.686477 0.686477 0.686477 0.686477 0.57717 0.57717 0.57717 0.57717 1.10354 1.10354 1.10354 1.10354 1.10241 1.10241 1.10241 1.10241 0.75 0.75 0.75 0.75 0.371231 0.371231 0.371231 0.371231 0.552268
0.751041 0.206912 0.206912 0.206912 0.206912 0.978679 0.978679 0.978679 0.978679 0.536773 0.536773 0.536773 0.536773 0.201556 0.201556 0.201556 0.201556 0.375 0.375 0.375 0.375 0.505594 0.505594 0.505594 0.505594 0.276699 0.276699 0.276699 0.276699 0.728869 0.728869 0.728869 0.728869 0.348658 0.348658 0.348658 0.348658 0.680073 0.680073 0.680073 0.680073 1.22907 1.22907 1.22907 1.22907 1.48513 1.48513 1.48513 1.48513 0.686477 0.686477 0.686477 0.686477 0.57717 0.57717 0.57717 0.57717 1.10354 1.10354 1.10354 1.10354 1.10241 1.10241 1.10241 1.10241 0.75 0.75 0.75 0.75 0.371231 0.371231 0.371231 0.371231 0.552268
0.751041 0.206912 0.206912 0.206912 0.206912 0.978679 0.978679 0.978679 0.978679 0.536773 0.536773 0.536773 0.536773 0.201556 0.201556 0.201556 0.201556 0.375 0.375 0.375 0.375 0.505594 0.505594 0.505594 0.505594 0.276699 0.276699 0.276699 0.276699 0.728869 0.728869 0.728869 0.728869 0.348658 0.348658 0.348658 0.348658 0.680073 0.680073 0.680073 0.680073 1.22907 1.22907 1.22907 1.22907 1.48513 1.48513 1.48513 1.48513 0.686477 0.686477 0.686477 0.686477 0.57717 0.57717 0.57717 0.57717 1.10354 1.10354 1.10354 1.10354 1.10241 1.10241 1.10241 1.10241 0.75 0.75 0.75 0.75 0.371231 0.371231 0.371231 0.371231 0.552268
0.751041 0.206912 0.206912 0.206912 0.206912 0.978679 0.978679 0.978679 0.978679 0.536773 0.536773 0.536773 0.536773 0.201556 0.201556 0.201556 0.201556 0.375 0.375 0.375 0.375 0.505594 0.505594 0.505594 0.505594 0.276699 0.276699 0.276699 0.276699 0.728869 0.728869 0.728869 0.728869 0.348658 0.348658 0.348658 0.348658 0.680073 0.680073 0.680073 0.680073 1.22907 1.22907 1.22907 1.22907 1.48513 1.48513 1.48513 1.48513 0.686477 0.686477 0.686477 0.686477 0.57717 0.57717 0.57717 0.57717 1.10354 1.10354 1.10354 1.10354 1.10241 1.10241 1.10241 1.10241 0.75 0.75 0.75 0.75 0.371231 0.371231 0.371231 0.371231 0.552268
0.922293 0.420193 0.420193 0.420193 0.420193 0.867828 0.867828 0.867828 0.867828 1.068 1.068 1.068 1.068 1.03592 1.03592 1.03592 1.03592 0.922801 0.922801 0.922801 0.922801 0.778018 0.778018 0.778018 0.778018 0.274431 0.274431 0.274431 0.274431 0.6255 0.6255 0.6255 0.6255 0.564026 0.564026 0.564026 0.564026 1.12375 1.12375 1.12375 1.12375 0.94753 0.94753 0.94753 0.94753 1.57678 1.57678 1.57678 1.57678 1.60176 1.60176 1.60176 1.60176 0.97484 0.97484 0.97484 0.97484 0.879275 0.879275 0.879275 0.879275 0.719592 0.719592 0.719592 0.719592 0.314742 0.314742 0.314742 0.314742 0.579871 0.579871 0.579871 0.579871 0.598174
0.922293 0.420193 0.420193 0.420193 0.420193 0.867828 0.867828 0.867828 0.867828 1.068 1.068 1.068 1.068 1.03592 1.03592 1.03592 1.03592 0.922801 0.922801 0.922801 0.922801 0.778018 0.778018 0.778018 0.778018 0.274431 0.274431 0.274431 0.274431 0.6255 0.6255 0.6255 0.6255 0.564026 0.564026 0.564026 0.564026 1.12375 1.12375 1.12375 1.12375 0.94753 0.94753 0.94753 0.94753 1.57678 1.57678 1.57678 1.57678 1.60176 1.60176 1.60176 1.60176 0.97484 0.97484 0.97484 0.97484 0.879275 0.879275 0.879275 0.879275 0.719592 0.719592 0.719592 0.719592 0.314742 0.314742 0.314742 0.314742 0.579871 0.579871 0.579871 0.579871 0.598174
0.922293 0.420193 0.420193 0.420193 0.420193 0.867828 0.867828 0.867828 0.867828 1.068 1.068 1.068 1.068 1.03592 1.03592 1.03592 1.03592 0.922801 0.922801 0.922801 0.922801 0.778018 0.778018 0.778018 0.778018 0.274431 0.274431 0.274431 0.274431 0.6255 0.6255 0.6255 0.6255 0.564026 0.564026 0.564026 0.564026 1.12375 1.12375 1.12375 1.12375 0.94753 0.94753 0.94753 0.94753 1.57678 1.57678 1.57678 1.57678 1.60176 1.60176 1.60176 1.60176 0.97484 0.97484 0.97484 0.97484 0.879275 0.879275 0.879275 0.879275 0.719592 0.719592 0.719592 0.719592 0.314742 0.314742 0.314742 0.314742 0.579871 0.579871 0.579871 0.579871 0.598174
0.922293 0.420193 0.420193 0.420193 0.420193 0.867828 0.867828 0.867828 0.867828 1.068 1.068 1.068 1.068 1.03592 1.03592 1.03592 1.03592 0.922801 0.922801 0.922801 0.922801 0.778018 0.778018 0.778018 0.778018 0.274431 0.274431 0.274431 0.274431 0.6255 0.6255 0.6255 0.6255 0.564026 0.564026 0.564026 0.564026 1.12375 1.12375 1.12375 1.12375 0.94753 0.94753 0.94753 0.94753 1.57678 1.57678 1.57678 1.57678 1.60176 1.60176 1.60176 1.60176 0.97484 0.97484 0.97484 0.97484 0.879275 0.879275 0.879275 0.879275 0.719592 0.719592 0.719592 0.719592 0.314742 0.314742 0.314742 0.314742 0.579871 0.579871 0.579871 0.579871 0.598174
0.707549 0.16298 0.16298 0.16298 0.16298 0.55509 0.55509 0.55509 0.55509 0.152069 0.152069 0.152069 0.152069 0.493077 0.493077 0.493077 0.493077 0.759317 0.759317 0.759317 0.759317 1.00902 1.00902 1.00902 1.00902 0.579062 0.579062 0.579062 0.579062 0.594243 0.594243 0.594243 0.594243 1.21912 1.21912 1.21912 1.21912 1.65388 1.65388 1.65388 1.65388 0.751041 0.751041 0.751041 0.751041 2.06284 2.06284 2.06284 2.06284 2.14257 2.14257 2.14257 2.14257 0.738664 0.738664 0.738664 0.738664 0.30052 0.30052 0.30052 0.30052 0.269258 0.269258 0.269258 0.269258 0.462669 0.462669 0.462669 0.462669 0.766893 0.766893 0.766893 0.766893 0.403887
0.707549 0.16298 0.16298 0.16298 0.16298 0.55509 0.55509 0.55509 0.55509 0.152069 0.152069 0.152069 0.152069 0.493077 0.493077 0.493077 0.493077 0.759317 0.759317 0.759317 0.759317 1.00902 1.00902 1.00902 1.00902 0.579062 0.579062 0.579062 0.579062 0.594243 0.594243 0.594243 0.594243 1.21912 1.21912 1.21912 1.21912 1.65388 1.65388 1.65388 1.65388 0.751041 0.751041 0.751041 0.751041 2.06284 2.06284 2.06284 2.06284 2.14257 2.14257 2.14257 2.14257 0.738664 0.738664 0.738664 0.738664 0.30052 0.30052 0.30052 0.30052 0.269258 0.269258 0.269258 0.269258 0.462669 0.462669 0.462669 0.462669 0.766893 0.766893 0.766893 0.766893 0.403887
0.707549 0.16298 0.16298 0.16298 0.16298 0.55509 0.55509 0.55509 0.55509 0.152069 0.152069 0.152069 0.152069 0.493077 0.493077 0.493077 0.493077 0.759317 0.759317 0.759317 0.759317 1.00902 1.00902 1.00902 1.00902 0.579062 0.579062 0.579062 0.579062 0.594243 0.594243 0.594243 0.594243 1.21912 1.21912 1.21912 1.21912 1.65388 1.65388 1.65388 1.65388 0.751041 0.751041 0.751041 0.751041 2.06284 2.06284 2.06284 2.06284 2.14257 2.14257 2.14257 2.14257 0.738664 0.738664 0.738664 0.738664 0.30052 0.30052 0.30052 0.30052 0.269258 0.269258 0.269258 0.269258 0.462669 0.462669 0.462669 0.462669 0.766893 0.766893 0.766893 0.766893 0.403887
0.707549 0.16298 0.16298 0.16298 0.16298 0.55509 0.55509 0.55509 0.55509 0.152069 0.152069 0.152069 0.152069 0.493077 0.493077 0.493077 0.493077 0.759317 0.759317 0.759317 0.759317 1.00902 1.00902 1.00902 1.00902 0.579062 0.579062 0.579062 0.579062 0.594243 0.594243 0.594243 0.594243 1.21912 1.21912 1.21912 1.21912 1.65388 1.65388 1.65388 1.65388 0.751041 0.751041 0.751041 0.751041 2.06284 2.06284 2.06284 2.06284 2.14257 2.14257 2.14257 2.14257 0.738664 0.738664 0.738664 0.738664 0.30052 0.30052 0.30052 0.30052 0.269258 0.269258 0.269258 0.269258 0.462669 0.462669 0.462669 0.462669 0.766893 0.766893 0.766893 0.766893 0.403887
0.570636 0.561805 0.561805 0.561805 0.561805 0.587633 0.587633 0.587633 0.587633 0.201556 0.201556 0.201556 0.201556 0.142522 0.142522 0.142522 0.142522 0.522015 0.522015 0.522015 0.522015 0.939581 0.939581 0.939581 0.939581 1.23693 1.23693 1.23693 1.23693 0.456207 0.456207 0.456207 0.456207 1.87517 1.87517 1.87517 1.87517 1.50634 1.50634 1.50634 1.50634 0.617455 0.617455 0.617455 0.617455 2.63403 2.63403 2.63403 2.63403 1.89052 1.89052 1.89052 1.89052 0.412311 0.412311 0.412311 0.412311 0.3 0.3 0.3 0.3 0.111803 0.111803 0.111803 0.111803 0.725431 0.725431 0.725431 0.725431 0.762602 0.762602 0.762602 0.762602 0.265165
0.570636 0.561805 0.561805 0.561805 0.561805 0.587633 0.587633 0.587633 0.587633 0.201556 0.201556 0.201556 0.201556 0.142522 0.142522 0.142522 0.142522 0.522015 0.522015 0.522015 0.522015 0.939581 0.939581 0.939581 0.939581 1.23693 1.23693 1.23693 1.23693 0.456207 0.456207 0.456207 0.456207 1.87517 1.87517 1.87517 1.87517 1.50634 1.50634 1.50634 1.50634 0.617455 0.617455 0.617455 0.617455 2.63403 2.63403 2.63403 2.63403 1.89052 1.89052 1.89052 1.89052 0.412311 0.412311 0.412311 0.412311 0.3 0.3 0.3 0.3 0.111803 0.111803 0.111803 0.111803 0.725431 0.725431 0.725431 0.725431 0.762602 0.762602 0.762602 0.762602 0.265165
0.570636 0.561805 0.561805 0.561805 0.561805 0.587633 0.587633 0.587633 0.587633 0.201556 0.201556 0.201556 0.201556 0.142522 0.142522 0.142522 0.142522 0.522015 0.522015 0.522015 0.522015 0.939581 0.939581 0.939581 0.939581 1.23693 1.23693 1.23693 1.23693 0.456207 0.456207 0.456207 0.456207 1.87517 1.87517 1.87517 1.87517 1.50634 1.50634 1.50634 1.50634 0.617455 0.617455 0.617455 0.617455 2.63403 2.63403 2.63403 2.63403 1.89052 1.89052 1.89052 1.89052 0.412311 0.412311 0.412311 0.412311 0.3 0.3 0.3 0.3 0.111803 0.111803 0.111803 0.111803 0.725431 0.725431 0.725431 0.725431 0.762602 0.762602 0.762602 0.762602 0.265165
0.570636 0.561805 0.561805 0.561805 0.561805 0.587633 0.587633 0.587633 0.587633 0.201556 0.201556 0.201556 0.201556 0.142522 0.142522 0.142522 0.142522 0.522015 0.522015 0.522015 0.522015 0.939581 0.939581 0.939581 0.939581 1.23693 1.23693 1.23693 1.23693 0.456207 0.456207 0.456207 0.456207 1.87517 1.87517 1.87517 1.87517 1.50634 1.50634 1.50634 1.50634 0.617455 0.617455 0.617455 0.617455 2.63403 2.63403 2.63403 2.63403 1.89052 1.89052 1.89052 1.89052 0.412311 0.412311 0.412311 0.412311 0.3 0.3 0.3 0.3 0.111803 0.111803 0.111803 0.111803 0.725431 0.725431 0.725431 0.725431 0.762602 0.762602 0.762602 0.762602 0.265165
1.58765 1.37045 1.37045 1.37045 1.37045 1.10255 1.10255 1.10255 1.10255 1.29675 1.29675 1.29675 1.29675 1.64668 1.64668 1.64668 1.64668 1.59148 1.59148 1.59148 1.59148 1.5955 1.5955 1.5955 1.5955 1.8868 1.8868 1.8868 1.8868 0.397256 0.397256 0.397256 0.397256 1.89745 1.89745 1.89745 1.89745 1.47108 1.47108 1.47108 1.47108 1.8858 1.8858 1.8858 1.8858 2.51806 2.51806 2.51806 2.51806 1.49833 1.49833 1.49833 1.49833 0.403887 0.403887 0.403887 0.403887 0.270416 0.270416 0.270416 0.270416 0.18456 0.18456 0.18456 0.18456 0.728011 0.728011 0.728011 0.728011 0.952956 0.952956 0.952956 0.952956 0.357946
1.58765 1.37045 1.37045 1.37045 1.37045 1.10255 1.10255 1.10255 1.10255 1.29675 1.29675 1.29675 1.29675 1.64668 1.64668 1.64668 1.64668 1.59148 1.59148 1.59148 1.59148 1.5955 1.5955 1.5955 1.5955 1.8868 1.8868 1.8868 1.8868 0.397256 0.397256 0.397256 0.397256 1.89745 1.89745 1.89745 1.89745 1.47108 1.47108 1.47108 1.47108 1.8858 1.8858 1.8858 1.8858 2.51806 2.51806 2.51806 2.51806 1.49833 1.49833 1.49833 1.49833 0.403887 0.403887 0.403887 0.403887 0.270416 0.270416 0.270416 0.270416 0.18456 0.18456 0.18456 0.18456 0.728011 0.728011 0.728011 0.728011 0.952956 0.952956 0.952956 0.952956 0.357946
1.58765 1.37045 1.37045 1.37045 1.37045 1.10255 1.10255 1.10255 1.10255 1.29675 1.29675 1.29675 1.29675 1.64668 1.64668 1.64668 1.64668 1.59148 1.59148 1.59148 1.59148 1.5955 1.5955 1.5955 1.5955 1.8868 1.8868 1.8868 1.8868 0.397256 0.397256 0.397256 0.397256 1.89745 1.89745 1.89745 1.89745 1.47108 1.47108 1.47108 1.47108 1.8858 1.8858 1.8858 1.8858 2.51806 2.51806 2.51806 2.51806 1.49833 1.49833 1.49833 1.49833 0.403887 0.403887 0.403887 0.403887 0.270416 0.270416 0.270416 0.270416 0.18456 0.18456 0.18456 0.18456 0.728011 0.728011 0.728011 0.728011 0.952956 0.952956 0.952956 0.952956 0.357946
1.58765 1.37045 1.37045 1.37045 1.37045 1.10255 1.10255 1.10255 1.10255 1.29675 1.29675 1.29675 1.29675 1.64668 1.64668 1.64668 1.64668 1.59148 1.59148 1.59148 1.59148 1.5955 1.5955 1.5955 1.5955 1.8868 1.8868 1.8868 1.8868 0.397256 0.397256 0.397256 0.397256 1.89745 1.89745 1.89745 1.89745 1.47108 1.47108 1.47108 1.47108 1.8858 1.8858 1.8858 1.8858 2.51806 2.51806 2.51806 2.51806 1.49833 1.49833 1.49833 1.49833 0.403887 0.403887 0.403887 0.403887 0.270416 0.270416 0.270416 0.270416 0.18456 0.18456 0.18456 0.18456 0.728011 0.728011 0.728011 0.728011 0.952956 0.952956 0.952956 0.952956 0.357946
1.04358 1.57003 1.57003 1.57003 1.57003 1.61797 1.61797 1.61797 1.61797 1.70156 1.70156 1.70156 1.70156 1.15718 1.15718 1.15718 1.15718 0.778018 0.778018 0.778018 0.778018 1.22027 1.22027 1.22027 1.22027 2.125 2.125 2.125 2.125 1.18651 1.18651 1.18651 1.18651 1.2581 1.2581 1.2581 1.2581 1.46735 1.46735 1.46735 1.46735 2.09829 2.09829 2.09829 2.09829 1.65009 1.65009 1.65009 1.65009 0.934077 0.934077 0.934077 0.934077 0.134629 0.134629 0.134629 0.134629 0.107529 0.107529 0.107529 0.107529 0.292617 0.292617 0.292617 0.292617 0.632456 0.632456 0.632456 0.632456 1.21269 1.21269 1.21269 1.21269 0.371652
1.04358 1.57003 1.57003 1.57003 1.57003 1.61797 1.61797 1.61797 1.61797 1.70156 1.70156 1.70156 1.70156 1.15718 1.15718 1.15718 1.15718 0.778018 0.778018 0.778018 0.778018 1.22027 1.22027 1.22027 1.22027 2.125 2.125 2.125 2.125 1.18651 1.18651 1.18651 1.18651 1.2581 1.2581 1.2581 1.2581 1.46735 1.46735 1.46735 1.46735 2.09829 2.09829 2.09829 2.09829 1.65009 1.65009 1.65009 1.65009 0.934077 0.934077 0.934077 0.934077 0.134629 0.134629 0.134629 0.134629 0.107529 0.107529 0.107529 0.107529 0.292617 0.292617 0.292617 0.292617 0.632456 0.632456 0.632456 0.632456 1.21269 1.21269 1.21269 1.21269 0.371652
1.04358 1.57003 1.57003 1.57003 1.57003 1.61797 1.61797 1.61797 1.61797 1.70156 1.70156 1.70156 1.70156 1.15718 1.15718 1.15718 1.15718 0.778018 0.778018 0.778018 0.778018 1.22027 1.22027 1.22027 1.22027 2.125 2.125 2.125 2.125 1.18651 1.18651 1.18651 1.18651 1.2581 1.2581 1.2581 1.2581 1.46735 1.46735 1.46735 1.46735 2.09829 2.09829 2.09829 2.09829 1.65009 1.65009 1.65009 1.65009 0.934077 0.934077 0.934077 0.934077 0.134629 0.134629 0.134629 0.134629 0.107529 0.107529 0.107529 0.107529 0.292617 0.292617 0.292617 0.292617 0.632456 0.632456 0.632456 0.632456 1.21269 1.21269 1.21269 1.21269 0.371652
1.04358 1.57003 1.57003 1.57003 1.57003 1.61797 1.61797 1.61797 1.61797 1.70156 1.70156 1.70156 1.70156 1.15718 1.15718 1.15718 1.15718 0.778018 0.778018 0.778018 0.778018 1.22027 1.22027 1.22027 1.22027 2.125 2.125 2.125 2.125 1.18651 1.18651 1.18651 1.18651 1.2581 1.2581 1.2581 1.2581 1.46735 1.46735 1.46735 1.46735 2.09829 2.09829 2.09829 2.09829 1.65009 1.65009 1.65009 1.65009 0.934077 0.934077 0.934077 0.934077 0.134629 0.134629 0.134629 0.134629 0.107529 0.107529 0.107529 0.107529 0.292617 0.292617 0.292617 0.292617 0.632456 0.632456 0.632456 0.632456 1.21269 1.21269 1.21269 1.21269 0.371652
0.0559017 0.749166 0.749166 0.749166 0.749166 1.19072 1.19072 1.19072 1.19072 0.839829 0.839829 0.839829 0.839829 0.563749 0.563749 0.563749 0.563749 0.512652 0.512652 0.512652 0.512652 0.226385 0.226385 0.226385 0.226385 1.82517 1.82517 1.82517 1.82517 1.93536 1.93536 1.93536 1.93536 0.176777 0.176777 0.176777 0.176777 1.31256 1.31256 1.31256 1.31256 1.56495 1.56495 1.56495 1.56495 0.777215 0.777215 0.777215 0.777215 0.367848 0.367848 0.367848 0.367848 0.333542 0.333542 0.333542 0.333542 0.177658 0.177658 0.177658 0.177658 0.240442 0.240442 0.240442 0.240442 0.55 0.55 0.55 0.55 1.26256 1.26256 1.26256 1.26256 0.337731
0.0559017 0.749166 0.749166 0.749166 0.749166 1.19072 1.19072 1.19072 1.19072 0.839829 0.839829 0.839829 0.839829 0.563749 0.563749 0.563749 0.563749 0.512652 0.512652 0.512652 0.512652 0.226385 0.226385 0.226385 0.226385 1.82517 1.82517 1.82517 1.82517 1.93536 1.93536 1.93536 1.93536 0.176777 0.176777 0.176777 0.176777 1.31256 1.31256 1.31256 1.31256 1.56495 1.56495 1.56495 1.56495 0.777215 0.777215 0.777215 0.777215 0.367848 0.367848 0.367848 0.367848 0.333542 0.333542 0.333542 0.333542 0.177658 0.177658 0.177658 0.177658 0.240442 0.240442 0.240442 0.240442 0.55 0.55 0.55 0.55 1.26256 1.26256 1.26256 1.26256 0.337731
0.0559017 0.749166 0.749166 0.749166 0.749166 1.19072 1.19072 1.19072 1.19072 0.839829 0.839829 0.839829 0.839829 0.563749 0.563749 0.563749 0.563749 0.512652 0.512652 0.512652 0.512652 0.226385 0.226385 0.226385 0.226385 1.82517 1.82517 1.82517 1.82517 1.93536 1.93536 1.93536 1.93536 0.176777 0.176777 0.176777 0.176777 1.31256 1.31256 1.31256 1.31256 1.56495 1.56495 1.56495 1.56495 0.777215 0.777215 0.777215 0.777215 0.367848 0.367848 0.367848 0.367848 0.333542 0.333542 0.333542 0.333542 0.177658 0.177658 0.177658 0.177658 0.240442 0.240442 0.240442 0.240442 0.55 0.55 0.55 0.55 1.26256 1.26256 1.26256 1.26256 0.337731
0.0559017 0.749166 0.749166 0.749166 0.749166 1.19072 1.19072 1.19072 1.19072 0.839829 0.839829 0.839829 0.839829 0.563749 0.563749 0.563749 0.563749 0.512652 0.512652 0.512652 0.512652 0.226385 0.226385 0.226385 0.226385 1.82517 1.82517 1.82517 1.82517 1.93536 1.93536 1.93536 1.93536 0.176777 0.176777 0.176777 0.176777 1.31256 1.31256 1.31256 1.31256 1.56495 1.56495 1.56495 1.56495 0.777215 0.777215 0.777215 0.777215 0.367848 0.367848 0.367848 0.367848 0.333542 0.333542 0.333542 0.333542 0.177658 0.177658 0.177658 0.177658 0.240442 0.240442 0.240442 0.240442 0.55 0.55 0.55 0.55 1.26256 1.26256 1.26256 1.26256 0.337731
