EU_test_data/Lisbon/lisbon_elevation.asc
ncols         400
nrows         400
xllcorner     2680750
yllcorner     1902250
cellsize      250
NODATA_value  -9999
[rows 71 to 141 of 400, columns 288 to 383 of 400]
21 21 21 31 31 31 31 32 32 32 32 38 38 38 38 20 20 20 20 31 31 31 31 23 23 23 23 13 13 13 13 16 16 16 16 18 18 18 18 16 16 16 16 17 17 17 17 16 16 16 16 17 17 17 17 10 10 10 10 7 7 7 7 8 8 8 8 8 8 8 8 7 7 7 7 8 8 8 8 3 3 3 3 5 5 5 5 8 8 8 8 9 9 9 9 10
21 21 21 31 31 31 31 32 32 32 32 38 38 38 38 20 20 20 20 31 31 31 31 23 23 23 23 13 13 13 13 16 16 16 16 18 18 18 18 16 16 16 16 17 17 17 17 16 16 16 16 17 17 17 17 10 10 10 10 7 7 7 7 8 8 8 8 8 8 8 8 7 7 7 7 8 8 8 8 3 3 3 3 5 5 5 5 8 8 8 8 9 9 9 9 10
21 21 21 31 31 31 31 32 32 32 32 38 38 38 38 20 20 20 20 31 31 31 31 23 23 23 23 13 13 13 13 16 16 16 16 18 18 18 18 16 16 16 16 17 17 17 17 16 16 16 16 17 17 17 17 10 10 10 10 7 7 7 7 8 8 8 8 8 8 8 8 7 7 7 7 8 8 8 8 3 3 3 3 5 5 5 5 8 8 8 8 9 9 9 9 10
33 33 33 30 30 30 30 22 22 22 22 27 27 27 27 15 15 15 15 29 29 29 29 16 16 16 16 11 11 11 11 11 11 11 11 12 12 12 12 12 12 12 12 12 12 12 12 13 13 13 13 9 9 9 9 5 5 5 5 7 7 7 7 7 7 7 7 8 8 8 8 6 6 6 6 6 6 6 6 8 8 8 8 10 10 10 10 13 13 13 13 12 12 12 12 12
33 33 33 30 30 30 30 22 22 22 22 27 27 27 27 15 15 15 15 29 29 29 29 16 16 16 16 11 11 11 11 11 11 11 11 12 12 12 12 12 12 12 12 12 12 12 12 13 13 13 13 9 9 9 9 5 5 5 5 7 7 7 7 7 7 7 7 8 8 8 8 6 6 6 6 6 6 6 6 8 8 8 8 10 10 10 10 13 13 13 13 12 12 12 12 12
33 33 33 30 30 30 30 22 22 22 22 27 27 27 27 15 15 15 15 29 29 29 29 16 16 16 16 11 11 11 11 11 11 11 11 12 12 12 12 12 12 12 12 12 12 12 12 13 13 13 13 9 9 9 9 5 5 5 5 7 7 7 7 7 7 7 7 8 8 8 8 6 6 6 6 6 6 6 6 8 8 8 8 10 10 10 10 13 13 13 13 12 12 12 12 12
33 33 33 30 30 30 30 22 22 22 22 27 27 27 27 15 15 15 15 29 29 29 29 16 16 16 16 11 11 11 11 11 11 11 11 12 12 12 12 12 12 12 12 12 12 12 12 13 13 13 13 9 9 9 9 5 5 5 5 7 7 7 7 7 7 7 7 8 8 8 8 6 6 6 6 6 6 6 6 8 8 8 8 10 10 10 10 13 13 13 13 12 12 12 12 12
24 24 24 18 18 18 18 15 15 15 15 14 14 14 14 13 13 13 13 13 13 13 13 10 10 10 10 9 9 9 9 8 8 8 8 9 9 9 9 8 8 8 8 9 9 9 9 8 8 8 8 8 8 8 8 7 7 7 7 7 7 7 7 7 7 7 7 6 6 6 6 3 3 3 3 7 7 7 7 10 10 10 10 12 12 12 12 15 15 15 15 12 12 12 12 12
24 24 24 18 18 18 18 15 15 15 15 14 14 14 14 13 13 13 13 13 13 13 13 10 10 10 10 9 9 9 9 8 8 8 8 9 9 9 9 8 8 8 8 9 9 9 9 8 8 8 8 8 8 8 8 7 7 7 7 7 7 7 7 7 7 7 7 6 6 6 6 3 3 3 3 7 7 7 7 10 10 10 10 12 12 12 12 15 15 15 15 12 12 12 12 12
24 24 24 18 18 18 18 15 15 15 15 14 14 14 14 13 13 13 13 13 13 13 13 10 10 10 10 9 9 9 9 8 8 8 8 9 9 9 9 8 8 8 8 9 9 9 9 8 8 8 8 8 8 8 8 7 7 7 7 7 7 7 7 7 7 7 7 6 6 6 6 3 3 3 3 7 7 7 7 10 10 10 10 12 12 12 12 15 15 15 15 12 12 12 12 12
24 24 24 18 18 18 18 15 15 15 15 14 14 14 14 13 13 13 13 13 13 13 13 10 10 10 10 9 9 9 9 8 8 8 8 9 9 9 9 8 8 8 8 9 9 9 9 8 8 8 8 8 8 8 8 7 7 7 7 7 7 7 7 7 7 7 7 6 6 6 6 3 3 3 3 7 7 7 7 10 10 10 10 12 12 12 12 15 15 15 15 12 12 12 12 12
13 13 13 11 11 11 11 9 9 9 9 9 9 9 9 9 9 9 9 9 9 9 9 8 8 8 8 7 7 7 7 8 8 8 8 9 9 9 9 9 9 9 9 9 9 9 9 8 8 8 8 8 8 8 8 8 8 8 8 7 7 7 7 5 5 5 5 3 3 3 3 0 0 0 0 8 8 8 8 7 7 7 7 10 10 10 10 12 12 12 12 12 12 12 12 15
13 13 13 11 11 11 11 9 9 9 9 9 9 9 9 9 9 9 9 9 9 9 9 8 8 8 8 7 7 7 7 8 8 8 8 9 9 9 9 9 9 9 9 9 9 9 9 8 8 8 8 8 8 8 8 8 8 8 8 7 7 7 7 5 5 5 5 3 3 3 3 0 0 0 0 8 8 8 8 7 7 7 7 10 10 10 10 12 12 12 12 12 12 12 12 15
13 13 13 11 11 11 11 9 9 9 9 9 9 9 9 9 9 9 9 9 9 9 9 8 8 8 8 7 7 7 7 8 8 8 8 9 9 9 9 9 9 9 9 9 9 9 9 8 8 8 8 8 8 8 8 8 8 8 8 7 7 7 7 5 5 5 5 3 3 3 3 0 0 0 0 8 8 8 8 7 7 7 7 10 10 10 10 12 12 12 12 12 12 12 12 15
13 13 13 11 11 11 11 9 9 9 9 9 9 9 9 9 9 9 9 9 9 9 9 8 8 8 8 7 7 7 7 8 8 8 8 9 9 9 9 9 9 9 9 9 9 9 9 8 8 8 8 8 8 8 8 8 8 8 8 7 7 7 7 5 5 5 5 3 3 3 3 0 0 0 0 8 8 8 8 7 7 7 7 10 10 10 10 12 12 12 12 12 12 12 12 15
7 7 7 9 9 9 9 9 9 9 9 9 9 9 9 9 9 9 9 8 8 8 8 9 9 9 9 9 9 9 9 8 8 8 8 9 9 9 9 9 9 9 9 9 9 9 9 9 9 9 9 8 8 8 8 6 6 6 6 5 5 5 5 6 6 6 6 0 0 0 0 13 13 13 13 13 13 13 13 6 6 6 6 9 9 9 9 8 8 8 8 10 10 10 10 15
7 7 7 9 9 9 9 9 9 9 9 9 9 9 9 9 9 9 9 8 8 8 8 9 9 9 9 9 9 9 9 8 8 8 8 9 9 9 9 9 9 9 9 9 9 9 9 9 9 9 9 8 8 8 8 6 6 6 6 5 5 5 5 6 6 6 6 0 0 0 0 13 13 13 13 13 13 13 13 6 6 6 6 9 9 9 9 8 8 8 8 10 10 10 10 15
7 7 7 9 9 9 9 9 9 9 9 9 9 9 9 9 9 9 9 8 8 8 8 9 9 9 9 9 9 9 9 8 8 8 8 9 9 9 9 9 9 9 9 9 9 9 9 9 9 9 9 8 8 8 8 6 6 6 6 5 5 5 5 6 6 6 6 0 0 0 0 13 13 13 13 13 13 13 13 6 6 6 6 9 9 9 9 8 8 8 8 10 10 10 10 15
7 7 7 9 9 9 9 9 9 9 9 9 9 9 9 9 9 9 9 8 8 8 8 9 9 9 9 9 9 9 9 8 8 8 8 9 9 9 9 9 9 9 9 9 9 9 9 9 9 9 9 8 8 8 8 6 6 6 6 5 5 5 5 6 6 6 6 0 0 0 0 13 13 13 13 13 13 13 13 6 6 6 6 9 9 9 9 8 8 8 8 10 10 10 10 15
5 5 5 8 8 8 8 7 7 7 7 8 8 8 8 9 9 9 9 9 9 9 9 9 9 9 9 9 9 9 9 9 9 9 9 8 8 8 8 8 8 8 8 9 9 9 9 9 9 9 9 6 6 6 6 3 3 3 3 3 3 3 3 0 0 0 0 12 12 12 12 13 13 13 13 12 12 12 12 8 8 8 8 12 12 12 12 13 13 13 13 10 10 10 10 11
5 5 5 8 8 8 8 7 7 7 7 8 8 8 8 9 9 9 9 9 9 9 9 9 9 9 9 9 9 9 9 9 9 9 9 8 8 8 8 8 8 8 8 9 9 9 9 9 9 9 9 6 6 6 6 3 3 3 3 3 3 3 3 0 0 0 0 12 12 12 12 13 13 13 13 12 12 12 12 8 8 8 8 12 12 12 12 13 13 13 13 10 10 10 10 11
5 5 5 8 8 8 8 7 7 7 7 8 8 8 8 9 9 9 9 9 9 9 9 9 9 9 9 9 9 9 9 9 9 9 9 8 8 8 8 8 8 8 8 9 9 9 9 9 9 9 9 6 6 6 6 3 3 3 3 3 3 3 3 0 0 0 0 12 12 12 12 13 13 13 13 12 12 12 12 8 8 8 8 12 12 12 12 13 13 13 13 10 10 10 10 11
5 5 5 8 8 8 8 7 7 7 7 8 8 8 8 9 9 9 9 9 9 9 9 9 9 9 9 9 9 9 9 9 9 9 9 8 8 8 8 8 8 8 8 9 9 9 9 9 9 9 9 6 6 6 6 3 3 3 3 3 3 3 3 0 0 0 0 12 12 12 12 13 13 13 13 12 12 12 12 8 8 8 8 12 12 12 12 13 13 13 13 10 10 10 10 11
7 7 7 0 0 0 0 0 0 0 0 0 0 0 0 9 9 9 9 10 10 10 10 9 9 9 9 9 9 9 9 8 8 8 8 5 5 5 5 8 8 8 8 6 6 6 6 2 2 2 2 0 0 0 0 8 8 8 8 13 13 13 13 12 12 12 12 12 12 12 12 12 12 12 12 12 12 12 12 9 9 9 9 12 12 12 12 16 16 16 16 17 17 17 17 8
7 7 7 0 0 0 0 0 0 0 0 0 0 0 0 9 9 9 9 10 10 10 10 9 9 9 9 9 9 9 9 8 8 8 8 5 5 5 5 8 8 8 8 6 6 6 6 2 2 2 2 0 0 0 0 8 8 8 8 13 13 13 13 12 12 12 12 12 12 12 12 12 12 12 12 12 12 12 12 9 9 9 9 12 12 12 12 16 16 16 16 17 17 17 17 8
7 7 7 0 0 0 0 0 0 0 0 0 0 0 0 9 9 9 9 10 10 10 10 9 9 9 9 9 9 9 9 8 8 8 8 5 5 5 5 8 8 8 8 6 6 6 6 2 2 2 2 0 0 0 0 8 8 8 8 13 13 13 13 12 12 12 12 12 12 12 12 12 12 12 12 12 12 12 12 9 9 9 9 12 12 12 12 16 16 16 16 17 17 17 17 8
7 7 7 0 0 0 0 0 0 0 0 0 0 0 0 9 9 9 9 10 10 10 10 9 9 9 9 9 9 9 9 8 8 8 8 5 5 5 5 8 8 8 8 6 6 6 6 2 2 2 2 0 0 0 0 8 8 8 8 13 13 13 13 12 12 12 12 12 12 12 12 12 12 12 12 12 12 12 12 9 9 9 9 12 12 12 12 16 16 16 16 17 17 17 17 8
8 8 8 8 8 8 8 8 8 8 8 8 8 8 8 0 0 0 0 0 0 0 0 6 6 6 6 9 9 9 9 3 3 3 3 7 7 7 7 3 3 3 3 0 0 0 0 0 0 0 0 8 8 8 8 13 13 13 13 15 15 15 15 15 15 15 15 14 14 14 14 15 15 15 15 15 15 15 15 12 12 12 12 17 17 17 17 22 22 22 22 18 18 18 18 12
8 8 8 8 8 8 8 8 8 8 8 8 8 8 8 0 0 0 0 0 0 0 0 6 6 6 6 9 9 9 9 3 3 3 3 7 7 7 7 3 3 3 3 0 0 0 0 0 0 0 0 8 8 8 8 13 13 13 13 15 15 15 15 15 15 15 15 14 14 14 14 15 15 15 15 15 15 15 15 12 12 12 12 17 17 17 17 22 22 22 22 18 18 18 18 12
8 8 8 8 8 8 8 8 8 8 8 8 8 8 8 0 0 0 0 0 0 0 0 6 6 6 6 9 9 9 9 3 3 3 3 7 7 7 7 3 3 3 3 0 0 0 0 0 0 0 0 8 8 8 8 13 13 13 13 15 15 15 15 15 15 15 15 14 14 14 14 15 15 15 15 15 15 15 15 12 12 12 12 17 17 17 17 22 22 22 22 18 18 18 18 12
8 8 8 8 8 8 8 8 8 8 8 8 8 8 8 0 0 0 0 0 0 0 0 6 6 6 6 9 9 9 9 3 3 3 3 7 7 7 7 3 3 3 3 0 0 0 0 0 0 0 0 8 8 8 8 13 13 13 13 15 15 15 15 15 15 15 15 14 14 14 14 15 15 15 15 15 15 15 15 12 12 12 12 17 17 17 17 22 22 22 22 18 18 18 18 12
9 9 9 8 8 8 8 8 8 8 8 8 8 8 8 7 7 7 7 6 6 6 6 3 3 3 3 6 6 6 6 0 0 0 0 0 0 0 0 8 8 8 8 8 8 8 8 7 7 7 7 7 7 7 7 13 13 13 13 12 12 12 12 15 15 15 15 15 15 15 15 17 17 17 17 14 14 14 14 12 12 12 12 16 16 16 16 22 22 22 22 22 22 22 22 15
9 9 9 8 8 8 8 8 8 8 8 8 8 8 8 7 7 7 7 6 6 6 6 3 3 3 3 6 6 6 6 0 0 0 0 0 0 0 0 8 8 8 8 8 8 8 8 7 7 7 7 7 7 7 7 13 13 13 13 12 12 12 12 15 15 15 15 15 15 15 15 17 17 17 17 14 14 14 14 12 12 12 12 16 16 16 16 22 22 22 22 22 22 22 22 15
9 9 9 8 8 8 8 8 8 8 8 8 8 8 8 7 7 7 7 6 6 6 6 3 3 3 3 6 6 6 6 0 0 0 0 0 0 0 0 8 8 8 8 8 8 8 8 7 7 7 7 7 7 7 7 13 13 13 13 12 12 12 12 15 15 15 15 15 15 15 15 17 17 17 17 14 14 14 14 12 12 12 12 16 16 16 16 22 22 22 22 22 22 22 22 15
9 9 9 8 8 8 8 8 8 8 8 8 8 8 8 7 7 7 7 6 6 6 6 3 3 3 3 6 6 6 6 0 0 0 0 0 0 0 0 8 8 8 8 8 8 8 8 7 7 7 7 7 7 7 7 13 13 13 13 12 12 12 12 15 15 15 15 15 15 15 15 17 17 17 17 14 14 14 14 12 12 12 12 16 16 16 16 22 22 22 22 22 22 22 22 15
2 2 2 5 5 5 5 8 8 8 8 8 8 8 8 7 7 7 7 6 6 6 6 8 8 8 8 8 8 8 8 10 10 10 10 13 13 13 13 9 9 9 9 10 10 10 10 10 10 10 10 8 8 8 8 9 9 9 9 12 12 12 12 12 12 12 12 17 17 17 17 17 17 17 17 14 14 14 14 14 14 14 14 18 18 18 18 22 22 22 22 21 21 21 21 14
2 2 2 5 5 5 5 8 8 8 8 8 8 8 8 7 7 7 7 6 6 6 6 8 8 8 8 8 8 8 8 10 10 10 10 13 13 13 13 9 9 9 9 10 10 10 10 10 10 10 10 8 8 8 8 9 9 9 9 12 12 12 12 12 12 12 12 17 17 17 17 17 17 17 17 14 14 14 14 14 14 14 14 18 18 18 18 22 22 22 22 21 21 21 21 14
2 2 2 5 5 5 5 8 8 8 8 8 8 8 8 7 7 7 7 6 6 6 6 8 8 8 8 8 8 8 8 10 10 10 10 13 13 13 13 9 9 9 9 10 10 10 10 10 10 10 10 8 8 8 8 9 9 9 9 12 12 12 12 12 12 12 12 17 17 17 17 17 17 17 17 14 14 14 14 14 14 14 14 18 18 18 18 22 22 22 22 21 21 21 21 14
2 2 2 5 5 5 5 8 8 8 8 8 8 8 8 7 7 7 7 6 6 6 6 8 8 8 8 8 8 8 8 10 10 10 10 13 13 13 13 9 9 9 9 10 10 10 10 10 10 10 10 8 8 8 8 9 9 9 9 12 12 12 12 12 12 12 12 17 17 17 17 17 17 17 17 14 14 14 14 14 14 14 14 18 18 18 18 22 22 22 22 21 21 21 21 14
1 1 1 1 1 1 1 1 1 1 1 3 3 3 3 5 5 5 5 7 7 7 7 8 8 8 8 10 10 10 10 13 13 13 13 13 13 13 13 10 10 10 10 13 13 13 13 12 12 12 12 11 11 11 11 8 8 8 8 9 9 9 9 12 12 12 12 14 14 14 14 16 16 16 16 16 16 16 16 19 19 19 19 20 20 20 20 21 21 21 21 21 21 21 21 22
1 1 1 1 1 1 1 1 1 1 1 3 3 3 3 5 5 5 5 7 7 7 7 8 8 8 8 10 10 10 10 13 13 13 13 13 13 13 13 10 10 10 10 13 13 13 13 12 12 12 12 11 11 11 11 8 8 8 8 9 9 9 9 12 12 12 12 14 14 14 14 16 16 16 16 16 16 16 16 19 19 19 19 20 20 20 20 21 21 21 21 21 21 21 21 22
1 1 1 1 1 1 1 1 1 1 1 3 3 3 3 5 5 5 5 7 7 7 7 8 8 8 8 10 10 10 10 13 13 13 13 13 13 13 13 10 10 10 10 13 13 13 13 12 12 12 12 11 11 11 11 8 8 8 8 9 9 9 9 12 12 12 12 14 14 14 14 16 16 16 16 16 16 16 16 19 19 19 19 20 20 20 20 21 21 21 21 21 21 21 21 22
1 1 1 1 1 1 1 1 1 1 1 3 3 3 3 5 5 5 5 7 7 7 7 8 8 8 8 10 10 10 10 13 13 13 13 13 13 13 13 10 10 10 10 13 13 13 13 12 12 12 12 11 11 11 11 8 8 8 8 9 9 9 9 12 12 12 12 14 14 14 14 16 16 16 16 16 16 16 16 19 19 19 19 20 20 20 20 21 21 21 21 21 21 21 21 22
1 1 1 1 1 1 1 1 1 1 1 1 1 1 1 1 1 1 1 2 2 2 2 3 3 3 3 8 8 8 8 10 10 10 10 11 11 11 11 13 13 13 13 12 12 12 12 12 12 12 12 12 12 12 12 10 10 10 10 9 9 9 9 12 12 12 12 17 17 17 17 16 16 16 16 20 20 20 20 20 20 20 20 20 20 20 20 22 22 22 22 26 26 26 26 21
1 1 1 1 1 1 1 1 1 1 1 1 1 1 1 1 1 1 1 2 2 2 2 3 3 3 3 8 8 8 8 10 10 10 10 11 11 11 11 13 13 13 13 12 12 12 12 12 12 12 12 12 12 12 12 10 10 10 10 9 9 9 9 12 12 12 12 17 17 17 17 16 16 16 16 20 20 20 20 20 20 20 20 20 20 20 20 22 22 22 22 26 26 26 26 21
1 1 1 1 1 1 1 1 1 1 1 1 1 1 1 1 1 1 1 2 2 2 2 3 3 3 3 8 8 8 8 10 10 10 10 11 11 11 11 13 13 13 13 12 12 12 12 12 12 12 12 12 12 12 12 10 10 10 10 9 9 9 9 12 12 12 12 17 17 17 17 16 16 16 16 20 20 20 20 20 20 20 20 20 20 20 20 22 22 22 22 26 26 26 26 21
1 1 1 1 1 1 1 1 1 1 1 1 1 1 1 1 1 1 1 2 2 2 2 3 3 3 3 8 8 8 8 10 10 10 10 11 11 11 11 13 13 13 13 12 12 12 12 12 12 12 12 12 12 12 12 10 10 10 10 9 9 9 9 12 12 12 12 17 17 17 17 16 16 16 16 20 20 20 20 20 20 20 20 20 20 20 20 22 22 22 22 26 26 26 26 21
1 1 1 1 1 1 1 1 1 1 1 1 1 1 1 2 2 2 2 2 2 2 2 1 1 1 1 1 1 1 1 3 3 3 3 9 9 9 9 12 12 12 12 12 12 12 12 12 12 12 12 12 12 12 12 11 11 11 11 9 9 9 9 14 14 14 14 18 18 18 18 18 18 18 18 20 20 20 20 20 20 20 20 22 22 22 22 28 28 28 28 27 27 27 27 27
1 1 1 1 1 1 1 1 1 1 1 1 1 1 1 2 2 2 2 2 2 2 2 1 1 1 1 1 1 1 1 3 3 3 3 9 9 9 9 12 12 12 12 12 12 12 12 12 12 12 12 12 12 12 12 11 11 11 11 9 9 9 9 14 14 14 14 18 18 18 18 18 18 18 18 20 20 20 20 20 20 20 20 22 22 22 22 28 28 28 28 27 27 27 27 27
1 1 1 1 1 1 1 1 1 1 1 1 1 1 1 2 2 2 2 2 2 2 2 1 1 1 1 1 1 1 1 3 3 3 3 9 9 9 9 12 12 12 12 12 12 12 12 12 12 12 12 12 12 12 12 11 11 11 11 9 9 9 9 14 14 14 14 18 18 18 18 18 18 18 18 20 20 20 20 20 20 20 20 22 22 22 22 28 28 28 28 27 27 27 27 27
1 1 1 1 1 1 1 1 1 1 1 1 1 1 1 2 2 2 2 2 2 2 2 1 1 1 1 1 1 1 1 3 3 3 3 9 9 9 9 12 12 12 12 12 12 12 12 12 12 12 12 12 12 12 12 11 11 11 11 9 9 9 9 14 14 14 14 18 18 18 18 18 18 18 18 20 20 20 20 20 20 20 20 22 22 22 22 28 28 28 28 27 27 27 27 27
1 1 1 1 1 1 1 1 1 1 1 1 1 1 1 3 3 3 3 3 3 3 3 4 4 4 4 1 1 1 1 1 1 1 1 3 3 3 3 7 7 7 7 11 11 11 11 12 12 12 12 15 15 15 15 13 13 13 13 8 8 8 8 12 12 12 12 16 16 16 16 19 19 19 19 20 20 20 20 22 22 22 22 28 28 28 28 30 30 30 30 30 30 30 30 30
1 1 1 1 1 1 1 1 1 1 1 1 1 1 1 3 3 3 3 3 3 3 3 4 4 4 4 1 1 1 1 1 1 1 1 3 3 3 3 7 7 7 7 11 11 11 11 12 12 12 12 15 15 15 15 13 13 13 13 8 8 8 8 12 12 12 12 16 16 16 16 19 19 19 19 20 20 20 20 22 22 22 22 28 28 28 28 30 30 30 30 30 30 30 30 30
1 1 1 1 1 1 1 1 1 1 1 1 1 1 1 3 3 3 3 3 3 3 3 4 4 4 4 1 1 1 1 1 1 1 1 3 3 3 3 7 7 7 7 11 11 11 11 12 12 12 12 15 15 15 15 13 13 13 13 8 8 8 8 12 12 12 12 16 16 16 16 19 19 19 19 20 20 20 20 22 22 22 22 28 28 28 28 30 30 30 30 30 30 30 30 30
1 1 1 1 1 1 1 1 1 1 1 1 1 1 1 3 3 3 3 3 3 3 3 4 4 4 4 1 1 1 1 1 1 1 1 3 3 3 3 7 7 7 7 11 11 11 11 12 12 12 12 15 15 15 15 13 13 13 13 8 8 8 8 12 12 12 12 16 16 16 16 19 19 19 19 20 20 20 20 22 22 22 22 28 28 28 28 30 30 30 30 30 30 30 30 30
1 1 1 1 1 1 1 1 1 1 1 2 2 2 2 3 3 3 3 3 3 3 3 3 3 3 3 2 2 2 2 1 1 1 1 2 2 2 2 6 6 6 6 8 8 8 8 10 10 10 10 12 12 12 12 17 17 17 17 13 13 13 13 13 13 13 13 17 17 17 17 16 16 16 16 19 19 19 19 20 20 20 20 27 27 27 27 30 30 30 30 30 30 30 30 34
1 1 1 1 1 1 1 1 1 1 1 2 2 2 2 3 3 3 3 3 3 3 3 3 3 3 3 2 2 2 2 1 1 1 1 2 2 2 2 6 6 6 6 8 8 8 8 10 10 10 10 12 12 12 12 17 17 17 17 13 13 13 13 13 13 13 13 17 17 17 17 16 16 16 16 19 19 19 19 20 20 20 20 27 27 27 27 30 30 30 30 30 30 30 30 34
1 1 1 1 1 1 1 1 1 1 1 2 2 2 2 3 3 3 3 3 3 3 3 3 3 3 3 2 2 2 2 1 1 1 1 2 2 2 2 6 6 6 6 8 8 8 8 10 10 10 10 12 12 12 12 17 17 17 17 13 13 13 13 13 13 13 13 17 17 17 17 16 16 16 16 19 19 19 19 20 20 20 20 27 27 27 27 30 30 30 30 30 30 30 30 34
1 1 1 1 1 1 1 1 1 1 1 2 2 2 2 3 3 3 3 3 3 3 3 3 3 3 3 2 2 2 2 1 1 1 1 2 2 2 2 6 6 6 6 8 8 8 8 10 10 10 10 12 12 12 12 17 17 17 17 13 13 13 13 13 13 13 13 17 17 17 17 16 16 16 16 19 19 19 19 20 20 20 20 27 27 27 27 30 30 30 30 30 30 30 30 34
1 1 1 1 1 1 1 1 1 1 1 1 1 1 1 3 3 3 3 3 3 3 3 3 3 3 3 2 2 2 2 1 1 1 1 1 1 1 1 4 4 4 4 8 8 8 8 13 13 13 13 13 13 13 13 12 12 12 12 11 11 11 11 13 13 13 13 17 17 17 17 16 16 16 16 20 20 20 20 26 26 26 26 28 28 28 28 29 29 29 29 32 32 32 32 32
1 1 1 1 1 1 1 1 1 1 1 1 1 1 1 3 3 3 3 3 3 3 3 3 3 3 3 2 2 2 2 1 1 1 1 1 1 1 1 4 4 4 4 8 8 8 8 13 13 13 13 13 13 13 13 12 12 12 12 11 11 11 11 13 13 13 13 17 17 17 17 16 16 16 16 20 20 20 20 26 26 26 26 28 28 28 28 29 29 29 29 32 32 32 32 32
1 1 1 1 1 1 1 1 1 1 1 1 1 1 1 3 3 3 3 3 3 3 3 3 3 3 3 2 2 2 2 1 1 1 1 1 1 1 1 4 4 4 4 8 8 8 8 13 13 13 13 13 13 13 13 12 12 12 12 11 11 11 11 13 13 13 13 17 17 17 17 16 16 16 16 20 20 20 20 26 26 26 26 28 28 28 28 29 29 29 29 32 32 32 32 32
1 1 1 1 1 1 1 1 1 1 1 1 1 1 1 3 3 3 3 3 3 3 3 3 3 3 3 2 2 2 2 1 1 1 1 1 1 1 1 4 4 4 4 8 8 8 8 13 13 13 13 13 13 13 13 12 12 12 12 11 11 11 11 13 13 13 13 17 17 17 17 16 16 16 16 20 20 20 20 26 26 26 26 28 28 28 28 29 29 29 29 32 32 32 32 32
3 3 3 4 4 4 4 1 1 1 1 1 1 1 1 3 3 3 3 3 3 3 3 5 5 5 5 2 2 2 2 1 1 1 1 2 2 2 2 1 1 1 1 5 5 5 5 13 13 13 13 12 12 12 12 12 12 12 12 13 13 13 13 7 7 7 7 5 5 5 5 12 12 12 12 20 20 20 20 23 23 23 23 29 29 29 29 30 30 30 30 32 32 32 32 34
3 3 3 4 4 4 4 1 1 1 1 1 1 1 1 3 3 3 3 3 3 3 3 5 5 5 5 2 2 2 2 1 1 1 1 2 2 2 2 1 1 1 1 5 5 5 5 13 13 13 13 12 12 12 12 12 12 12 12 13 13 13 13 7 7 7 7 5 5 5 5 12 12 12 12 20 20 20 20 23 23 23 23 29 29 29 29 30 30 30 30 32 32 32 32 34
3 3 3 4 4 4 4 1 1 1 1 1 1 1 1 3 3 3 3 3 3 3 3 5 5 5 5 2 2 2 2 1 1 1 1 2 2 2 2 1 1 1 1 5 5 5 5 13 13 13 13 12 12 12 12 12 12 12 12 13 13 13 13 7 7 7 7 5 5 5 5 12 12 12 12 20 20 20 20 23 23 23 23 29 29 29 29 30 30 30 30 32 32 32 32 34
3 3 3 4 4 4 4 1 1 1 1 1 1 1 1 3 3 3 3 3 3 3 3 5 5 5 5 2 2 2 2 1 1 1 1 2 2 2 2 1 1 1 1 5 5 5 5 13 13 13 13 12 12 12 12 12 12 12 12 13 13 13 13 7 7 7 7 5 5 5 5 12 12 12 12 20 20 20 20 23 23 23 23 29 29 29 29 30 30 30 30 32 32 32 32 34
3 3 3 3 3 3 3 1 1 1 1 2 2 2 2 3 3 3 3 6 6 6 6 7 7 7 7 3 3 3 3 3 3 3 3 3 3 3 3 1 1 1 1 2 2 2 2 3 3 3 3 10 10 10 10 12 12 12 12 12 12 12 12 13 13 13 13 6 6 6 6 13 13 13 13 17 17 17 17 22 22 22 22 23 23 23 23 31 31 31 31 33 33 33 33 36
3 3 3 3 3 3 3 1 1 1 1 2 2 2 2 3 3 3 3 6 6 6 6 7 7 7 7 3 3 3 3 3 3 3 3 3 3 3 3 1 1 1 1 2 2 2 2 3 3 3 3 10 10 10 10 12 12 12 12 12 12 12 12 13 13 13 13 6 6 6 6 13 13 13 13 17 17 17 17 22 22 22 22 23 23 23 23 31 31 31 31 33 33 33 33 36
3 3 3 3 3 3 3 1 1 1 1 2 2 2 2 3 3 3 3 6 6 6 6 7 7 7 7 3 3 3 3 3 3 3 3 3 3 3 3 1 1 1 1 2 2 2 2 3 3 3 3 10 10 10 10 12 12 12 12 12 12 12 12 13 13 13 13 6 6 6 6 13 13 13 13 17 17 17 17 22 22 22 22 23 23 23 23 31 31 31 31 33 33 33 33 36
3 3 3 3 3 3 3 1 1 1 1 2 2 2 2 3 3 3 3 6 6 6 6 7 7 7 7 3 3 3 3 3 3 3 3 3 3 3 3 1 1 1 1 2 2 2 2 3 3 3 3 10 10 10 10 12 12 12 12 12 12 12 12 13 13 13 13 6 6 6 6 13 13 13 13 17 17 17 17 22 22 22 22 23 23 23 23 31 31 31 31 33 33 33 33 36
