EU_test_data/Lisbon/lisbon_elevation.asc
ncols         400
nrows         400
xllcorner     2680750
yllcorner     1902250
cellsize      250
NODATA_value  -9999
[rows 213 to 283 of 400, columns 96 to 191 of 400]
0 0 0 0 0 0 0 0 0 0 0 0 0 0 0 0 0 0 0 0 0 0 0 0 0 0 0 0 0 0 0 13 13 13 13 27 27 27 27 31 31 31 31 28 28 28 28 20 20 20 20 12 12 12 12 10 10 10 10 6 6 6 6 1 1 1 1 0 0 0 0 0 0 0 0 0 0 0 0 0 0 0 0 0 0 0 0 0 0 0 0 0 0 0 0 0
0 0 0 0 0 0 0 0 0 0 0 0 0 0 0 0 0 0 0 0 0 0 0 0 0 0 0 0 0 0 0 8 8 8 8 30 30 30 30 30 30 30 30 27 27 27 27 18 18 18 18 22 22 22 22 16 16 16 16 15 15 15 15 4 4 4 4 0 0 0 0 0 0 0 0 0 0 0 0 0 0 0 0 0 0 0 0 0 0 0 0 0 0 0 0 0
0 0 0 0 0 0 0 0 0 0 0 0 0 0 0 0 0 0 0 0 0 0 0 0 0 0 0 0 0 0 0 8 8 8 8 30 30 30 30 30 30 30 30 27 27 27 27 18 18 18 18 22 22 22 22 16 16 16 16 15 15 15 15 4 4 4 4 0 0 0 0 0 0 0 0 0 0 0 0 0 0 0 0 0 0 0 0 0 0 0 0 0 0 0 0 0
0 0 0 0 0 0 0 0 0 0 0 0 0 0 0 0 0 0 0 0 0 0 0 0 0 0 0 0 0 0 0 8 8 8 8 30 30 30 30 30 30 30 30 27 27 27 27 18 18 18 18 22 22 22 22 16 16 16 16 15 15 15 15 4 4 4 4 0 0 0 0 0 0 0 0 0 0 0 0 0 0 0 0 0 0 0 0 0 0 0 0 0 0 0 0 0
0 0 0 0 0 0 0 0 0 0 0 0 0 0 0 0 0 0 0 0 0 0 0 0 0 0 0 0 0 0 0 8 8 8 8 30 30 30 30 30 30 30 30 27 27 27 27 18 18 18 18 22 22 22 22 16 16 16 16 15 15 15 15 4 4 4 4 0 0 0 0 0 0 0 0 0 0 0 0 0 0 0 0 0 0 0 0 0 0 0 0 0 0 0 0 0
0 0 0 0 0 0 0 0 0 0 0 0 0 0 0 0 0 0 0 0 0 0 0 0 0 0 0 0 0 0 0 9 9 9 9 22 22 22 22 25 25 25 25 20 20 20 20 14 14 14 14 12 12 12 12 13 13 13 13 10 10 10 10 3 3 3 3 0 0 0 0 0 0 0 0 0 0 0 0 0 0 0 0 0 0 0 0 0 0 0 0 0 0 0 0 0
0 0 0 0 0 0 0 0 0 0 0 0 0 0 0 0 0 0 0 0 0 0 0 0 0 0 0 0 0 0 0 9 9 9 9 22 22 22 22 25 25 25 25 20 20 20 20 14 14 14 14 12 12 12 12 13 13 13 13 10 10 10 10 3 3 3 3 0 0 0 0 0 0 0 0 0 0 0 0 0 0 0 0 0 0 0 0 0 0 0 0 0 0 0 0 0
0 0 0 0 0 0 0 0 0 0 0 0 0 0 0 0 0 0 0 0 0 0 0 0 0 0 0 0 0 0 0 9 9 9 9 22 22 22 22 25 25 25 25 20 20 20 20 14 14 14 14 12 12 12 12 13 13 13 13 10 10 10 10 3 3 3 3 0 0 0 0 0 0 0 0 0 0 0 0 0 0 0 0 0 0 0 0 0 0 0 0 0 0 0 0 0
0 0 0 0 0 0 0 0 0 0 0 0 0 0 0 0 0 0 0 0 0 0 0 0 0 0 0 0 0 0 0 9 9 9 9 22 22 22 22 25 25 25 25 20 20 20 20 14 14 14 14 12 12 12 12 13 13 13 13 10 10 10 10 3 3 3 3 0 0 0 0 0 0 0 0 0 0 0 0 0 0 0 0 0 0 0 0 0 0 0 0 0 0 0 0 0
0 0 0 0 0 0 0 0 0 0 0 0 0 0 0 0 0 0 0 0 0 0 0 0 0 0 0 0 0 0 0 8 8 8 8 26 26 26 26 27 27 27 27 21 21 21 21 17 17 17 17 12 12 12 12 8 8 8 8 3 3 3 3 2 2 2 2 2 2 2 2 0 0 0 0 0 0 0 0 0 0 0 0 0 0 0 0 0 0 0 0 0 0 0 0 3
0 0 0 0 0 0 0 0 0 0 0 0 0 0 0 0 0 0 0 0 0 0 0 0 0 0 0 0 0 0 0 8 8 8 8 26 26 26 26 27 27 27 27 21 21 21 21 17 17 17 17 12 12 12 12 8 8 8 8 3 3 3 3 2 2 2 2 2 2 2 2 0 0 0 0 0 0 0 0 0 0 0 0 0 0 0 0 0 0 0 0 0 0 0 0 3
0 0 0 0 0 0 0 0 0 0 0 0 0 0 0 0 0 0 0 0 0 0 0 0 0 0 0 0 0 0 0 8 8 8 8 26 26 26 26 27 27 27 27 21 21 21 21 17 17 17 17 12 12 12 12 8 8 8 8 3 3 3 3 2 2 2 2 2 2 2 2 0 0 0 0 0 0 0 0 0 0 0 0 0 0 0 0 0 0 0 0 0 0 0 0 3
0 0 0 0 0 0 0 0 0 0 0 0 0 0 0 0 0 0 0 0 0 0 0 0 0 0 0 0 0 0 0 8 8 8 8 26 26 26 26 27 27 27 27 21 21 21 21 17 17 17 17 12 12 12 12 8 8 8 8 3 3 3 3 2 2 2 2 2 2 2 2 0 0 0 0 0 0 0 0 0 0 0 0 0 0 0 0 0 0 0 0 0 0 0 0 3
0 0 0 0 0 0 0 0 0 0 0 0 0 0 0 0 0 0 0 0 0 0 0 0 0 0 0 0 0 0 0 0 0 0 0 26 26 26 26 25 25 25 25 22 22 22 22 16 16 16 16 17 17 17 17 10 10 10 10 9 9 9 9 7 7 7 7 0 0 0 0 3 3 3 3 0 0 0 0 0 0 0 0 0 0 0 0 9 9 9 9 8 8 8 8 3
0 0 0 0 0 0 0 0 0 0 0 0 0 0 0 0 0 0 0 0 0 0 0 0 0 0 0 0 0 0 0 0 0 0 0 26 26 26 26 25 25 25 25 22 22 22 22 16 16 16 16 17 17 17 17 10 10 10 10 9 9 9 9 7 7 7 7 0 0 0 0 3 3 3 3 0 0 0 0 0 0 0 0 0 0 0 0 9 9 9 9 8 8 8 8 3
0 0 0 0 0 0 0 0 0 0 0 0 0 0 0 0 0 0 0 0 0 0 0 0 0 0 0 0 0 0 0 0 0 0 0 26 26 26 26 25 25 25 25 22 22 22 22 16 16 16 16 17 17 17 17 10 10 10 10 9 9 9 9 7 7 7 7 0 0 0 0 3 3 3 3 0 0 0 0 0 0 0 0 0 0 0 0 9 9 9 9 8 8 8 8 3
0 0 0 0 0 0 0 0 0 0 0 0 0 0 0 0 0 0 0 0 0 0 0 0 0 0 0 0 0 0 0 0 0 0 0 26 26 26 26 25 25 25 25 22 22 22 22 16 16 16 16 17 17 17 17 10 10 10 10 9 9 9 9 7 7 7 7 0 0 0 0 3 3 3 3 0 0 0 0 0 0 0 0 0 0 0 0 9 9 9 9 8 8 8 8 3
0 0 0 0 0 0 0 0 0 0 0 0 0 0 0 0 0 0 0 0 0 0 0 0 0 0 0 0 0 0 0 0 0 0 0 21 21 21 21 23 23 23 23 22 22 22 22 16 16 16 16 14 14 14 14 13 13 13 13 12 12 12 12 13 13 13 13 3 3 3 3 0 0 0 0 6 6 6 6 0 0 0 0 0 0 0 0 12 12 12 12 9 9 9 9 3
0 0 0 0 0 0 0 0 0 0 0 0 0 0 0 0 0 0 0 0 0 0 0 0 0 0 0 0 0 0 0 0 0 0 0 21 21 21 21 23 23 23 23 22 22 22 22 16 16 16 16 14 14 14 14 13 13 13 13 12 12 12 12 13 13 13 13 3 3 3 3 0 0 0 0 6 6 6 6 0 0 0 0 0 0 0 0 12 12 12 12 9 9 9 9 3
0 0 0 0 0 0 0 0 0 0 0 0 0 0 0 0 0 0 0 0 0 0 0 0 0 0 0 0 0 0 0 0 0 0 0 21 21 21 21 23 23 23 23 22 22 22 22 16 16 16 16 14 14 14 14 13 13 13 13 12 12 12 12 13 13 13 13 3 3 3 3 0 0 0 0 6 6 6 6 0 0 0 0 0 0 0 0 12 12 12 12 9 9 9 9 3
0 0 0 0 0 0 0 0 0 0 0 0 0 0 0 0 0 0 0 0 0 0 0 0 0 0 0 0 0 0 0 0 0 0 0 21 21 21 21 23 23 23 23 22 22 22 22 16 16 16 16 14 14 14 14 13 13 13 13 12 12 12 12 13 13 13 13 3 3 3 3 0 0 0 0 6 6 6 6 0 0 0 0 0 0 0 0 12 12 12 12 9 9 9 9 3
0 0 0 0 0 0 0 0 0 0 0 0 0 0 0 0 0 0 0 0 0 0 0 0 0 0 0 0 0 0 0 0 0 0 0 28 28 28 28 23 23 23 23 20 20 20 20 16 16 16 16 12 12 12 12 15 15 15 15 12 12 12 12 10 10 10 10 6 6 6 6 0 0 0 0 6 6 6 6 2 2 2 2 0 0 0 0 14 14 14 14 10 10 10 10 6
0 0 0 0 0 0 0 0 0 0 0 0 0 0 0 0 0 0 0 0 0 0 0 0 0 0 0 0 0 0 0 0 0 0 0 28 28 28 28 23 23 23 23 20 20 20 20 16 16 16 16 12 12 12 12 15 15 15 15 12 12 12 12 10 10 10 10 6 6 6 6 0 0 0 0 6 6 6 6 2 2 2 2 0 0 0 0 14 14 14 14 10 10 10 10 6
0 0 0 0 0 0 0 0 0 0 0 0 0 0 0 0 0 0 0 0 0 0 0 0 0 0 0 0 0 0 0 0 0 0 0 28 28 28 28 23 23 23 23 20 20 20 20 16 16 16 16 12 12 12 12 15 15 15 15 12 12 12 12 10 10 10 10 6 6 6 6 0 0 0 0 6 6 6 6 2 2 2 2 0 0 0 0 14 14 14 14 10 10 10 10 6
0 0 0 0 0 0 0 0 0 0 0 0 0 0 0 0 0 0 0 0 0 0 0 0 0 0 0 0 0 0 0 0 0 0 0 28 28 28 28 23 23 23 23 20 20 20 20 16 16 16 16 12 12 12 12 15 15 15 15 12 12 12 12 10 10 10 10 6 6 6 6 0 0 0 0 6 6 6 6 2 2 2 2 0 0 0 0 14 14 14 14 10 10 10 10 6
0 0 0 0 0 0 0 0 0 0 0 0 0 0 0 0 0 0 0 0 0 0 0 0 0 0 0 0 0 0 0 0 0 0 0 29 29 29 29 23 23 23 23 22 22 22 22 18 18 18 18 16 16 16 16 17 17 17 17 14 14 14 14 11 11 11 11 10 10 10 10 13 13 13 13 8 8 8 8 5 5 5 5 0 0 0 0 12 12 12 12 17 17 17 17 10
0 0 0 0 0 0 0 0 0 0 0 0 0 0 0 0 0 0 0 0 0 0 0 0 0 0 0 0 0 0 0 0 0 0 0 29 29 29 29 23 23 23 23 22 22 22 22 18 18 18 18 16 16 16 16 17 17 17 17 14 14 14 14 11 11 11 11 10 10 10 10 13 13 13 13 8 8 8 8 5 5 5 5 0 0 0 0 12 12 12 12 17 17 17 17 10
0 0 0 0 0 0 0 0 0 0 0 0 0 0 0 0 0 0 0 0 0 0 0 0 0 0 0 0 0 0 0 0 0 0 0 29 29 29 29 23 23 23 23 22 22 22 22 18 18 18 18 16 16 16 16 17 17 17 17 14 14 14 14 11 11 11 11 10 10 10 10 13 13 13 13 8 8 8 8 5 5 5 5 0 0 0 0 12 12 12 12 17 17 17 17 10
0 0 0 0 0 0 0 0 0 0 0 0 0 0 0 0 0 0 0 0 0 0 0 0 0 0 0 0 0 0 0 0 0 0 0 29 29 29 29 23 23 23 23 22 22 22 22 18 18 18 18 16 16 16 16 17 17 17 17 14 14 14 14 11 11 11 11 10 10 10 10 13 13 13 13 8 8 8 8 5 5 5 5 0 0 0 0 12 12 12 12 17 17 17 17 10
0 0 0 0 0 0 0 0 0 0 0 0 0 0 0 0 0 0 0 0 0 0 0 0 0 0 0 0 0 0 0 0 0 0 0 28 28 28 28 23 23 23 23 21 21 21 21 18 18 18 18 19 19 19 19 16 16 16 16 17 17 17 17 11 11 11 11 13 13 13 13 13 13 13 13 8 8 8 8 3 3 3 3 1 1 1 1 0 0 0 0 16 16 16 16 12
0 0 0 0 0 0 0 0 0 0 0 0 0 0 0 0 0 0 0 0 0 0 0 0 0 0 0 0 0 0 0 0 0 0 0 28 28 28 28 23 23 23 23 21 21 21 21 18 18 18 18 19 19 19 19 16 16 16 16 17 17 17 17 11 11 11 11 13 13 13 13 13 13 13 13 8 8 8 8 3 3 3 3 1 1 1 1 0 0 0 0 16 16 16 16 12
0 0 0 0 0 0 0 0 0 0 0 0 0 0 0 0 0 0 0 0 0 0 0 0 0 0 0 0 0 0 0 0 0 0 0 28 28 28 28 23 23 23 23 21 21 21 21 18 18 18 18 19 19 19 19 16 16 16 16 17 17 17 17 11 11 11 11 13 13 13 13 13 13 13 13 8 8 8 8 3 3 3 3 1 1 1 1 0 0 0 0 16 16 16 16 12
0 0 0 0 0 0 0 0 0 0 0 0 0 0 0 0 0 0 0 0 0 0 0 0 0 0 0 0 0 0 0 0 0 0 0 28 28 28 28 23 23 23 23 21 21 21 21 18 18 18 18 19 19 19 19 16 16 16 16 17 17 17 17 11 11 11 11 13 13 13 13 13 13 13 13 8 8 8 8 3 3 3 3 1 1 1 1 0 0 0 0 16 16 16 16 12
0 0 0 0 0 0 0 0 0 0 0 0 0 0 0 0 0 0 0 0 0 0 0 0 0 0 0 0 0 0 0 0 0 0 0 29 29 29 29 23 23 23 23 21 21 21 21 20 20 20 20 20 20 20 20 19 19 19 19 17 17 17 17 13 13 13 13 15 15 15 15 13 13 13 13 7 7 7 7 5 5 5 5 2 2 2 2 15 15 15 15 18 18 18 18 17
0 0 0 0 0 0 0 0 0 0 0 0 0 0 0 0 0 0 0 0 0 0 0 0 0 0 0 0 0 0 0 0 0 0 0 29 29 29 29 23 23 23 23 21 21 21 21 20 20 20 20 20 20 20 20 19 19 19 19 17 17 17 17 13 13 13 13 15 15 15 15 13 13 13 13 7 7 7 7 5 5 5 5 2 2 2 2 15 15 15 15 18 18 18 18 17
0 0 0 0 0 0 0 0 0 0 0 0 0 0 0 0 0 0 0 0 0 0 0 0 0 0 0 0 0 0 0 0 0 0 0 29 29 29 29 23 23 23 23 21 21 21 21 20 20 20 20 20 20 20 20 19 19 19 19 17 17 17 17 13 13 13 13 15 15 15 15 13 13 13 13 7 7 7 7 5 5 5 5 2 2 2 2 15 15 15 15 18 18 18 18 17
0 0 0 0 0 0 0 0 0 0 0 0 0 0 0 0 0 0 0 0 0 0 0 0 0 0 0 0 0 0 0 0 0 0 0 29 29 29 29 23 23 23 23 21 21 21 21 20 20 20 20 20 20 20 20 19 19 19 19 17 17 17 17 13 13 13 13 15 15 15 15 13 13 13 13 7 7 7 7 5 5 5 5 2 2 2 2 15 15 15 15 18 18 18 18 17
0 0 0 0 0 0 0 0 0 0 0 0 0 0 0 0 0 0 0 0 0 0 0 0 0 0 0 0 0 0 0 0 0 0 0 24 24 24 24 21 21 21 21 24 24 24 24 24 24 24 24 23 23 23 23 22 22 22 22 16 16 16 16 14 14 14 14 17 17 17 17 12 12 12 12 9 9 9 9 6 6 6 6 3 3 3 3 0 0 0 0 17 17 17 17 19
0 0 0 0 0 0 0 0 0 0 0 0 0 0 0 0 0 0 0 0 0 0 0 0 0 0 0 0 0 0 0 0 0 0 0 24 24 24 24 21 21 21 21 24 24 24 24 24 24 24 24 23 23 23 23 22 22 22 22 16 16 16 16 14 14 14 14 17 17 17 17 12 12 12 12 9 9 9 9 6 6 6 6 3 3 3 3 0 0 0 0 17 17 17 17 19
0 0 0 0 0 0 0 0 0 0 0 0 0 0 0 0 0 0 0 0 0 0 0 0 0 0 0 0 0 0 0 0 0 0 0 24 24 24 24 21 21 21 21 24 24 24 24 24 24 24 24 23 23 23 23 22 22 22 22 16 16 16 16 14 14 14 14 17 17 17 17 12 12 12 12 9 9 9 9 6 6 6 6 3 3 3 3 0 0 0 0 17 17 17 17 19
0 0 0 0 0 0 0 0 0 0 0 0 0 0 0 0 0 0 0 0 0 0 0 0 0 0 0 0 0 0 0 0 0 0 0 24 24 24 24 21 21 21 21 24 24 24 24 24 24 24 24 23 23 23 23 22 22 22 22 16 16 16 16 14 14 14 14 17 17 17 17 12 12 12 12 9 9 9 9 6 6 6 6 3 3 3 3 0 0 0 0 17 17 17 17 19
0 0 0 0 0 0 0 0 0 0 0 0 0 0 0 0 0 0 0 0 0 0 0 0 0 0 0 0 0 0 0 0 0 0 0 26 26 26 26 20 20 20 20 20 20 20 20 24 24 24 24 28 28 28 28 24 24 24 24 20 20 20 20 16 16 16 16 18 18 18 18 14 14 14 14 12 12 12 12 8 8 8 8 6 6 6 6 14 14 14 14 21 21 21 21 18
0 0 0 0 0 0 0 0 0 0 0 0 0 0 0 0 0 0 0 0 0 0 0 0 0 0 0 0 0 0 0 0 0 0 0 26 26 26 26 20 20 20 20 20 20 20 20 24 24 24 24 28 28 28 28 24 24 24 24 20 20 20 20 16 16 16 16 18 18 18 18 14 14 14 14 12 12 12 12 8 8 8 8 6 6 6 6 14 14 14 14 21 21 21 21 18
0 0 0 0 0 0 0 0 0 0 0 0 0 0 0 0 0 0 0 0 0 0 0 0 0 0 0 0 0 0 0 0 0 0 0 26 26 26 26 20 20 20 20 20 20 20 20 24 24 24 24 28 28 28 28 24 24 24 24 20 20 20 20 16 16 16 16 18 18 18 18 14 14 14 14 12 12 12 12 8 8 8 8 6 6 6 6 14 14 14 14 21 21 21 21 18
0 0 0 0 0 0 0 0 0 0 0 0 0 0 0 0 0 0 0 0 0 0 0 0 0 0 0 0 0 0 0 0 0 0 0 26 26 26 26 20 20 20 20 20 20 20 20 24 24 24 24 28 28 28 28 24 24 24 24 20 20 20 20 16 16 16 16 18 18 18 18 14 14 14 14 12 12 12 12 8 8 8 8 6 6 6 6 14 14 14 14 21 21 21 21 18
0 0 0 0 0 0 0 0 0 0 0 0 0 0 0 0 0 0 0 0 0 0 0 0 0 0 0 0 0 0 0 0 0 0 0 24 24 24 24 20 20 20 20 19 19 19 19 21 21 21 21 24 24 24 24 25 25 25 25 20 20 20 20 26 26 26 26 21 21 21 21 16 16 16 16 12 12 12 12 11 11 11 11 6 6 6 6 14 14 14 14 20 20 20 20 17
0 0 0 0 0 0 0 0 0 0 0 0 0 0 0 0 0 0 0 0 0 0 0 0 0 0 0 0 0 0 0 0 0 0 0 24 24 24 24 20 20 20 20 19 19 19 19 21 21 21 21 24 24 24 24 25 25 25 25 20 20 20 20 26 26 26 26 21 21 21 21 16 16 16 16 12 12 12 12 11 11 11 11 6 6 6 6 14 14 14 14 20 20 20 20 17
0 0 0 0 0 0 0 0 0 0 0 0 0 0 0 0 0 0 0 0 0 0 0 0 0 0 0 0 0 0 0 0 0 0 0 24 24 24 24 20 20 20 20 19 19 19 19 21 21 21 21 24 24 24 24 25 25 25 25 20 20 20 20 26 26 26 26 21 21 21 21 16 16 16 16 12 12 12 12 11 11 11 11 6 6 6 6 14 14 14 14 20 20 20 20 17
0 0 0 0 0 0 0 0 0 0 0 0 0 0 0 0 0 0 0 0 0 0 0 0 0 0 0 0 0 0 0 0 0 0 0 24 24 24 24 20 20 20 20 19 19 19 19 21 21 21 21 24 24 24 24 25 25 25 25 20 20 20 20 26 26 26 26 21 21 21 21 16 16 16 16 12 12 12 12 11 11 11 11 6 6 6 6 14 14 14 14 20 20 20 20 17
0 0 0 0 0 0 0 0 0 0 0 0 0 0 0 0 0 0 0 0 0 0 0 0 0 0 0 0 0 0 0 0 0 0 0 22 22 22 22 16 16 16 16 16 16 16 16 20 20 20 20 21 21 21 21 26 26 26 26 24 24 24 24 25 25 25 25 25 25 25 25 18 18 18 18 12 12 12 12 12 12 12 12 10 10 10 10 16 16 16 16 19 19 19 19 14
0 0 0 0 0 0 0 0 0 0 0 0 0 0 0 0 0 0 0 0 0 0 0 0 0 0 0 0 0 0 0 0 0 0 0 22 22 22 22 16 16 16 16 16 16 16 16 20 20 20 20 21 21 21 21 26 26 26 26 24 24 24 24 25 25 25 25 25 25 25 25 18 18 18 18 12 12 12 12 12 12 12 12 10 10 10 10 16 16 16 16 19 19 19 19 14
0 0 0 0 0 0 0 0 0 0 0 0 0 0 0 0 0 0 0 0 0 0 0 0 0 0 0 0 0 0 0 0 0 0 0 22 22 22 22 16 16 16 16 16 16 16 16 20 20 20 20 21 21 21 21 26 26 26 26 24 24 24 24 25 25 25 25 25 25 25 25 18 18 18 18 12 12 12 12 12 12 12 12 10 10 10 10 16 16 16 16 19 19 19 19 14
0 0 0 0 0 0 0 0 0 0 0 0 0 0 0 0 0 0 0 0 0 0 0 0 0 0 0 0 0 0 0 0 0 0 0 22 22 22 22 16 16 16 16 16 16 16 16 20 20 20 20 21 21 21 21 26 26 26 26 24 24 24 24 25 25 25 25 25 25 25 25 18 18 18 18 12 12 12 12 12 12 12 12 10 10 10 10 16 16 16 16 19 19 19 19 14
0 0 0 0 0 0 0 0 0 0 0 0 0 0 0 0 0 0 0 0 0 0 0 0 0 0 0 0 0 0 0 16 16 16 16 12 12 12 12 11 11 11 11 11 11 11 11 12 12 12 12 17 17 17 17 21 21 21 21 27 27 27 27 29 29 29 29 25 25 25 25 16 16 16 16 16 16 16 16 12 12 12 12 13 13 13 13 16 16 16 16 19 19 19 19 16
0 0 0 0 0 0 0 0 0 0 0 0 0 0 0 0 0 0 0 0 0 0 0 0 0 0 0 0 0 0 0 16 16 16 16 12 12 12 12 11 11 11 11 11 11 11 11 12 12 12 12 17 17 17 17 21 21 21 21 27 27 27 27 29 29 29 29 25 25 25 25 16 16 16 16 16 16 16 16 12 12 12 12 13 13 13 13 16 16 16 16 19 19 19 19 16
0 0 0 0 0 0 0 0 0 0 0 0 0 0 0 0 0 0 0 0 0 0 0 0 0 0 0 0 0 0 0 16 16 16 16 12 12 12 12 11 11 11 11 11 11 11 11 12 12 12 12 17 17 17 17 21 21 21 21 27 27 27 27 29 29 29 29 25 25 25 25 16 16 16 16 16 16 16 16 12 12 12 12 13 13 13 13 16 16 16 16 19 19 19 19 16
0 0 0 0 0 0 0 0 0 0 0 0 0 0 0 0 0 0 0 0 0 0 0 0 0 0 0 0 0 0 0 16 16 16 16 12 12 12 12 11 11 11 11 11 11 11 11 12 12 12 12 17 17 17 17 21 21 21 21 27 27 27 27 29 29 29 29 25 25 25 25 16 16 16 16 16 16 16 16 12 12 12 12 13 13 13 13 16 16 16 16 19 19 19 19 16
0 0 0 0 0 0 0 0 0 0 0 0 0 0 0 0 0 0 0 0 0 0 0 0 0 0 0 0 0 0 0 4 4 4 4 4 4 4 4 3 3 3 3 3 3 3 3 3 3 3 3 2 2 2 2 11 11 11 11 25 25 25 25 27 27 27 27 25 25 25 25 20 20 20 20 16 16 16 16 12 12 12 12 12 12 12 12 14 14 14 14 16 16 16 16 16
0 0 0 0 0 0 0 0 0 0 0 0 0 0 0 0 0 0 0 0 0 0 0 0 0 0 0 0 0 0 0 4 4 4 4 4 4 4 4 3 3 3 3 3 3 3 3 3 3 3 3 2 2 2 2 11 11 11 11 25 25 25 25 27 27 27 27 25 25 25 25 20 20 20 20 16 16 16 16 12 12 12 12 12 12 12 12 14 14 14 14 16 16 16 16 16
0 0 0 0 0 0 0 0 0 0 0 0 0 0 0 0 0 0 0 0 0 0 0 0 0 0 0 0 0 0 0 4 4 4 4 4 4 4 4 3 3 3 3 3 3 3 3 3 3 3 3 2 2 2 2 11 11 11 11 25 25 25 25 27 27 27 27 25 25 25 25 20 20 20 20 16 16 16 16 12 12 12 12 12 12 12 12 14 14 14 14 16 16 16 16 16
0 0 0 0 0 0 0 0 0 0 0 0 0 0 0 0 0 0 0 0 0 0 0 0 0 0 0 0 0 0 0 4 4 4 4 4 4 4 4 3 3 3 3 3 3 3 3 3 3 3 3 2 2 2 2 11 11 11 11 25 25 25 25 27 27 27 27 25 25 25 25 20 20 20 20 16 16 16 16 12 12 12 12 12 12 12 12 14 14 14 14 16 16 16 16 16
0 0 0 0 0 0 0 0 0 0 0 0 0 0 0 0 0 0 0 0 0 0 0 0 0 0 0 8 8 8 8 8 8 8 8 9 9 9 9 3 3 3 3 3 3 3 3 10 10 10 10 11 11 11 11 8 8 8 8 13 13 13 13 21 21 21 21 25 25 25 25 25 25 25 25 17 17 17 17 12 12 12 12 16 16 16 16 15 15 15 15 16 16 16 16 19
0 0 0 0 0 0 0 0 0 0 0 0 0 0 0 0 0 0 0 0 0 0 0 0 0 0 0 8 8 8 8 8 8 8 8 9 9 9 9 3 3 3 3 3 3 3 3 10 10 10 10 11 11 11 11 8 8 8 8 13 13 13 13 21 21 21 21 25 25 25 25 25 25 25 25 17 17 17 17 12 12 12 12 16 16 16 16 15 15 15 15 16 16 16 16 19
0 0 0 0 0 0 0 0 0 0 0 0 0 0 0 0 0 0 0 0 0 0 0 0 0 0 0 8 8 8 8 8 8 8 8 9 9 9 9 3 3 3 3 3 3 3 3 10 10 10 10 11 11 11 11 8 8 8 8 13 13 13 13 21 21 21 21 25 25 25 25 25 25 25 25 17 17 17 17 12 12 12 12 16 16 16 16 15 15 15 15 16 16 16 16 19
0 0 0 0 0 0 0 0 0 0 0 0 0 0 0 0 0 0 0 0 0 0 0 0 0 0 0 8 8 8 8 8 8 8 8 9 9 9 9 3 3 3 3 3 3 3 3 10 10 10 10 11 11 11 11 8 8 8 8 13 13 13 13 21 21 21 21 25 25 25 25 25 25 25 25 17 17 17 17 12 12 12 12 16 16 16 16 15 15 15 15 16 16 16 16 19
0 0 0 0 0 0 0 0 0 0 0 0 0 0 0 0 0 0 0 0 0 0 0 0 0 0 0 15 15 15 15 16 16 16 16 12 12 12 12 12 12 12 12 8 8 8 8 16 16 16 16 20 20 20 20 14 14 14 14 12 12 12 12 21 21 21 21 23 23 23 23 18 18 18 18 15 15 15 15 16 16 16 16 20 20 20 20 20 20 20 20 20 20 20 20 21
0 0 0 0 0 0 0 0 0 0 0 0 0 0 0 0 0 0 0 0 0 0 0 0 0 0 0 15 15 15 15 16 16 16 16 12 12 12 12 12 12 12 12 8 8 8 8 16 16 16 16 20 20 20 20 14 14 14 14 12 12 12 12 21 21 21 21 23 23 23 23 18 18 18 18 15 15 15 15 16 16 16 16 20 20 20 20 20 20 20 20 20 20 20 20 21
0 0 0 0 0 0 0 0 0 0 0 0 0 0 0 0 0 0 0 0 0 0 0 0 0 0 0 15 15 15 15 16 16 16 16 12 12 12 12 12 12 12 12 8 8 8 8 16 16 16 16 20 20 20 20 14 14 14 14 12 12 12 12 21 21 21 21 23 23 23 23 18 18 18 18 15 15 15 15 16 16 16 16 20 20 20 20 20 20 20 20 20 20 20 20 21
0 0 0 0 0 0 0 0 0 0 0 0 0 0 0 0 0 0 0 0 0 0 0 0 0 0 0 15 15 15 15 16 16 16 16 12 12 12 12 12 12 12 12 8 8 8 8 16 16 16 16 20 20 20 20 14 14 14 14 12 12 12 12 21 21 21 21 23 23 23 23 18 18 18 18 15 15 15 15 16 16 16 16 20 20 20 20 20 20 20 20 20 20 20 20 21
0 0 0 0 0 0 0 0 0 0 0 0 0 0 0 0 0 0 0 0 0 0 0 0 0 0 0 12 12 12 12 21 21 21 21 17 17 17 17 17 17 17 17 12 12 12 12 20 20 20 20 26 26 26 26 16 16 16 16 16 16 16 16 27 27 27 27 25 25 25 25 17 17 17 17 16 16 16 16 25 25 25 25 28 28 28 28 29 29 29 29 29 29 29 29 32
0 0 0 0 0 0 0 0 0 0 0 0 0 0 0 0 0 0 0 0 0 0 0 0 0 0 0 12 12 12 12 21 21 21 21 17 17 17 17 17 17 17 17 12 12 12 12 20 20 20 20 26 26 26 26 16 16 16 16 16 16 16 16 27 27 27 27 25 25 25 25 17 17 17 17 16 16 16 16 25 25 25 25 28 28 28 28 29 29 29 29 29 29 29 29 32
