EU_test_data/Lisbon/lisbon_slope.asc
ncols         400
nrows         400
xllcorner     2680750
yllcorner     1902250
cellsize      250
NODATA_value  -9999
[rows 297 to 329 of 400, columns 222 to 295 of 400]
1.21771 0.588696 0.588696 0.588696 0.588696 0.158114 0.158114 0.158114 0.158114 0.212867 0.212867 0.212867 0.212867 0.314742 0.314742 0.314742 0.314742 0.2136 0.2136 0.2136 0.2136 0.215058 0.215058 0.215058 0.215058 0.15 0.15 0.15 0.15 0.215058 0.215058 0.215058 0.215058 0.107529 0.107529 0.107529 0.107529 0.0559017 0.0559017 0.0559017 0.0559017 0.225 0.225 0.225 0.225 0.262797 0.262797 0.262797 0.262797 0.0790569 0.0790569 0.0790569 0.0790569 0.177658 0.177658 0.177658 0.177658 0.190394 0.190394 0.190394 0.190394 0.138067 0.138067 0.138067 0.138067 0.113192 0.113192 0.113192 0.113192 0.1 0.1 0.1 0.1 0.141421
0.35 0.466704 0.466704 0.466704 0.466704 0.107529 0.107529 0.107529 0.107529 0.191213 0.191213 0.191213 0.191213 0.31275 0.31275 0.31275 0.31275 0.262797 0.262797 0.262797 0.262797 0.237171 0.237171 0.237171 0.237171 0.127476 0.127476 0.127476 0.127476 0.257391 0.257391 0.257391 0.257391 0.125 0.125 0.125 0.125 0.107529 0.107529 0.107529 0.107529 0.253106 0.253106 0.253106 0.253106 0.235849 0.235849 0.235849 0.235849 0.397256 0.397256 0.397256 0.397256 0.51387 0.51387 0.51387 0.51387 0.450694 0.450694 0.450694 0.450694 0.348658 0.348658 0.348658 0.348658 0.230489 0.230489 0.230489 0.230489 0.142522 0.142522 0.142522 0.142522 0.103078
0.35 0.466704 0.466704 0.466704 0.466704 0.107529 0.107529 0.107529 0.107529 0.191213 0.191213 0.191213 0.191213 0.31275 0.31275 0.31275 0.31275 0.262797 0.262797 0.262797 0.262797 0.237171 0.237171 0.237171 0.237171 0.127476 0.127476 0.127476 0.127476 0.257391 0.257391 0.257391 0.257391 0.125 0.125 0.125 0.125 0.107529 0.107529 0.107529 0.107529 0.253106 0.253106 0.253106 0.253106 0.235849 0.235849 0.235849 0.235849 0.397256 0.397256 0.397256 0.397256 0.51387 0.51387 0.51387 0.51387 0.450694 0.450694 0.450694 0.450694 0.348658 0.348658 0.348658 0.348658 0.230489 0.230489 0.230489 0.230489 0.142522 0.142522 0.142522 0.142522 0.103078
0.35 0.466704 0.466704 0.466704 0.466704 0.107529 0.107529 0.107529 0.107529 0.191213 0.191213 0.191213 0.191213 0.31275 0.31275 0.31275 0.31275 0.262797 0.262797 0.262797 0.262797 0.237171 0.237171 0.237171 0.237171 0.127476 0.127476 0.127476 0.127476 0.257391 0.257391 0.257391 0.257391 0.125 0.125 0.125 0.125 0.107529 0.107529 0.107529 0.107529 0.253106 0.253106 0.253106 0.253106 0.235849 0.235849 0.235849 0.235849 0.397256 0.397256 0.397256 0.397256 0.51387 0.51387 0.51387 0.51387 0.450694 0.450694 0.450694 0.450694 0.348658 0.348658 0.348658 0.348658 0.230489 0.230489 0.230489 0.230489 0.142522 0.142522 0.142522 0.142522 0.103078
0.35 0.466704 0.466704 0.466704 0.466704 0.107529 0.107529 0.107529 0.107529 0.191213 0.191213 0.191213 0.191213 0.31275 0.31275 0.31275 0.31275 0.262797 0.262797 0.262797 0.262797 0.237171 0.237171 0.237171 0.237171 0.127476 0.127476 0.127476 0.127476 0.257391 0.257391 0.257391 0.257391 0.125 0.125 0.125 0.125 0.107529 0.107529 0.107529 0.107529 0.253106 0.253106 0.253106 0.253106 0.235849 0.235849 0.235849 0.235849 0.397256 0.397256 0.397256 0.397256 0.51387 0.51387 0.51387 0.51387 0.450694 0.450694 0.450694 0.450694 0.348658 0.348658 0.348658 0.348658 0.230489 0.230489 0.230489 0.230489 0.142522 0.142522 0.142522 0.142522 0.103078
0.30052 0.534439 0.534439 0.534439 0.534439 0.176777 0.176777 0.176777 0.176777 0.18456 0.18456 0.18456 0.18456 0.240442 0.240442 0.240442 0.240442 0.289935 0.289935 0.289935 0.289935 0.254951 0.254951 0.254951 0.254951 0.1 0.1 0.1 0.1 0.22981 0.22981 0.22981 0.22981 0.145774 0.145774 0.145774 0.145774 0.141421 0.141421 0.141421 0.141421 0.215058 0.215058 0.215058 0.215058 0.412311 0.412311 0.412311 0.412311 0.569265 0.569265 0.569265 0.569265 0.500312 0.500312 0.500312 0.500312 0.372911 0.372911 0.372911 0.372911 0.33541 0.33541 0.33541 0.33541 0.316228 0.316228 0.316228 0.316228 0.32596 0.32596 0.32596 0.32596 0.270416
0.30052 0.534439 0.534439 0.534439 0.534439 0.176777 0.176777 0.176777 0.176777 0.18456 0.18456 0.18456 0.18456 0.240442 0.240442 0.240442 0.240442 0.289935 0.289935 0.289935 0.289935 0.254951 0.254951 0.254951 0.254951 0.1 0.1 0.1 0.1 0.22981 0.22981 0.22981 0.22981 0.145774 0.145774 0.145774 0.145774 0.141421 0.141421 0.141421 0.141421 0.215058 0.215058 0.215058 0.215058 0.412311 0.412311 0.412311 0.412311 0.569265 0.569265 0.569265 0.569265 0.500312 0.500312 0.500312 0.500312 0.372911 0.372911 0.372911 0.372911 0.33541 0.33541 0.33541 0.33541 0.316228 0.316228 0.316228 0.316228 0.32596 0.32596 0.32596 0.32596 0.270416
0.30052 0.534439 0.534439 0.534439 0.534439 0.176777 0.176777 0.176777 0.176777 0.18456 0.18456 0.18456 0.18456 0.240442 0.240442 0.240442 0.240442 0.289935 0.289935 0.289935 0.289935 0.254951 0.254951 0.254951 0.254951 0.1 0.1 0.1 0.1 0.22981 0.22981 0.22981 0.22981 0.145774 0.145774 0.145774 0.145774 0.141421 0.141421 0.141421 0.141421 0.215058 0.215058 0.215058 0.215058 0.412311 0.412311 0.412311 0.412311 0.569265 0.569265 0.569265 0.569265 0.500312 0.500312 0.500312 0.500312 0.372911 0.372911 0.372911 0.372911 0.33541 0.33541 0.33541 0.33541 0.316228 0.316228 0.316228 0.316228 0.32596 0.32596 0.32596 0.32596 0.270416
0.30052 0.534439 0.534439 0.534439 0.534439 0.176777 0.176777 0.176777 0.176777 0.18456 0.18456 0.18456 0.18456 0.240442 0.240442 0.240442 0.240442 0.289935 0.289935 0.289935 0.289935 0.254951 0.254951 0.254951 0.254951 0.1 0.1 0.1 0.1 0.22981 0.22981 0.22981 0.22981 0.145774 0.145774 0.145774 0.145774 0.141421 0.141421 0.141421 0.141421 0.215058 0.215058 0.215058 0.215058 0.412311 0.412311 0.412311 0.412311 0.569265 0.569265 0.569265 0.569265 0.500312 0.500312 0.500312 0.500312 0.372911 0.372911 0.372911 0.372911 0.33541 0.33541 0.33541 0.33541 0.316228 0.316228 0.316228 0.316228 0.32596 0.32596 0.32596 0.32596 0.270416
0.48283 0.49529 0.49529 0.49529 0.49529 0.201556 0.201556 0.201556 0.201556 0.251247 0.251247 0.251247 0.251247 0.167705 0.167705 0.167705 0.167705 0.251247 0.251247 0.251247 0.251247 0.262797 0.262797 0.262797 0.262797 0.152069 0.152069 0.152069 0.152069 0.142522 0.142522 0.142522 0.142522 0.159099 0.159099 0.159099 0.159099 0.151038 0.151038 0.151038 0.151038 0.151038 0.151038 0.151038 0.151038 0.353553 0.353553 0.353553 0.353553 0.201556 0.201556 0.201556 0.201556 0.107529 0.107529 0.107529 0.107529 0.215058 0.215058 0.215058 0.215058 0.053033 0.053033 0.053033 0.053033 0.134629 0.134629 0.134629 0.134629 0.279509 0.279509 0.279509 0.279509 0.380789
0.48283 0.49529 0.49529 0.49529 0.49529 0.201556 0.201556 0.201556 0.201556 0.251247 0.251247 0.251247 0.251247 0.167705 0.167705 0.167705 0.167705 0.251247 0.251247 0.251247 0.251247 0.262797 0.262797 0.262797 0.262797 0.152069 0.152069 0.152069 0.152069 0.142522 0.142522 0.142522 0.142522 0.159099 0.159099 0.159099 0.159099 0.151038 0.151038 0.151038 0.151038 0.151038 0.151038 0.151038 0.151038 0.353553 0.353553 0.353553 0.353553 0.201556 0.201556 0.201556 0.201556 0.107529 0.107529 0.107529 0.107529 0.215058 0.215058 0.215058 0.215058 0.053033 0.053033 0.053033 0.053033 0.134629 0.134629 0.134629 0.134629 0.279509 0.279509 0.279509 0.279509 0.380789
0.48283 0.49529 0.49529 0.49529 0.49529 0.201556 0.201556 0.201556 0.201556 0.251247 0.251247 0.251247 0.251247 0.167705 0.167705 0.167705 0.167705 0.251247 0.251247 0.251247 0.251247 0.262797 0.262797 0.262797 0.262797 0.152069 0.152069 0.152069 0.152069 0.142522 0.142522 0.142522 0.142522 0.159099 0.159099 0.159099 0.159099 0.151038 0.151038 0.151038 0.151038 0.151038 0.151038 0.151038 0.151038 0.353553 0.353553 0.353553 0.353553 0.201556 0.201556 0.201556 0.201556 0.107529 0.107529 0.107529 0.107529 0.215058 0.215058 0.215058 0.215058 0.053033 0.053033 0.053033 0.053033 0.134629 0.134629 0.134629 0.134629 0.279509 0.279509 0.279509 0.279509 0.380789
0.48283 0.49529 0.49529 0.49529 0.49529 0.201556 0.201556 0.201556 0.201556 0.251247 0.251247 0.251247 0.251247 0.167705 0.167705 0.167705 0.167705 0.251247 0.251247 0.251247 0.251247 0.262797 0.262797 0.262797 0.262797 0.152069 0.152069 0.152069 0.152069 0.142522 0.142522 0.142522 0.142522 0.159099 0.159099 0.159099 0.159099 0.151038 0.151038 0.151038 0.151038 0.151038 0.151038 0.151038 0.151038 0.353553 0.353553 0.353553 0.353553 0.201556 0.201556 0.201556 0.201556 0.107529 0.107529 0.107529 0.107529 0.215058 0.215058 0.215058 0.215058 0.053033 0.053033 0.053033 0.053033 0.134629 0.134629 0.134629 0.134629 0.279509 0.279509 0.279509 0.279509 0.380789
0.48894 0.625 0.625 0.625 0.625 0.549147 0.549147 0.549147 0.549147 0.425735 0.425735 0.425735 0.425735 0.316228 0.316228 0.316228 0.316228 0.247487 0.247487 0.247487 0.247487 0.285592 0.285592 0.285592 0.285592 0.128695 0.128695 0.128695 0.128695 0.0637377 0.0637377 0.0637377 0.0637377 0.176777 0.176777 0.176777 0.176777 0.223607 0.223607 0.223607 0.223607 0.274431 0.274431 0.274431 0.274431 0.215058 0.215058 0.215058 0.215058 0.177658 0.177658 0.177658 0.177658 0.477624 0.477624 0.477624 0.477624 0.446164 0.446164 0.446164 0.446164 0.421678 0.421678 0.421678 0.421678 0.452769 0.452769 0.452769 0.452769 0.516297 0.516297 0.516297 0.516297 0.49529
0.48894 0.625 0.625 0.625 0.625 0.549147 0.549147 0.549147 0.549147 0.425735 0.425735 0.425735 0.425735 0.316228 0.316228 0.316228 0.316228 0.247487 0.247487 0.247487 0.247487 0.285592 0.285592 0.285592 0.285592 0.128695 0.128695 0.128695 0.128695 0.0637377 0.0637377 0.0637377 0.0637377 0.176777 0.176777 0.176777 0.176777 0.223607 0.223607 0.223607 0.223607 0.274431 0.274431 0.274431 0.274431 0.215058 0.215058 0.215058 0.215058 0.177658 0.177658 0.177658 0.177658 0.477624 0.477624 0.477624 0.477624 0.446164 0.446164 0.446164 0.446164 0.421678 0.421678 0.421678 0.421678 0.452769 0.452769 0.452769 0.452769 0.516297 0.516297 0.516297 0.516297 0.49529
0.48894 0.625 0.625 0.625 0.625 0.549147 0.549147 0.549147 0.549147 0.425735 0.425735 0.425735 0.425735 0.316228 0.316228 0.316228 0.316228 0.247487 0.247487 0.247487 0.247487 0.285592 0.285592 0.285592 0.285592 0.128695 0.128695 0.128695 0.128695 0.0637377 0.0637377 0.0637377 0.0637377 0.176777 0.176777 0.176777 0.176777 0.223607 0.223607 0.223607 0.223607 0.274431 0.274431 0.274431 0.274431 0.215058 0.215058 0.215058 0.215058 0.177658 0.177658 0.177658 0.177658 0.477624 0.477624 0.477624 0.477624 0.446164 0.446164 0.446164 0.446164 0.421678 0.421678 0.421678 0.421678 0.452769 0.452769 0.452769 0.452769 0.516297 0.516297 0.516297 0.516297 0.49529
0.48894 0.625 0.625 0.625 0.625 0.549147 0.549147 0.549147 0.549147 0.425735 0.425735 0.425735 0.425735 0.316228 0.316228 0.316228 0.316228 0.247487 0.247487 0.247487 0.247487 0.285592 0.285592 0.285592 0.285592 0.128695 0.128695 0.128695 0.128695 0.0637377 0.0637377 0.0637377 0.0637377 0.176777 0.176777 0.176777 0.176777 0.223607 0.223607 0.223607 0.223607 0.274431 0.274431 0.274431 0.274431 0.215058 0.215058 0.215058 0.215058 0.177658 0.177658 0.177658 0.177658 0.477624 0.477624 0.477624 0.477624 0.446164 0.446164 0.446164 0.446164 0.421678 0.421678 0.421678 0.421678 0.452769 0.452769 0.452769 0.452769 0.516297 0.516297 0.516297 0.516297 0.49529
0.194454 0.434813 0.434813 0.434813 0.434813 0.441942 0.441942 0.441942 0.441942 0.308727 0.308727 0.308727 0.308727 0.318689 0.318689 0.318689 0.318689 0.269838 0.269838 0.269838 0.269838 0.232513 0.232513 0.232513 0.232513 0.053033 0.053033 0.053033 0.053033 0.0559017 0.0559017 0.0559017 0.0559017 0.118585 0.118585 0.118585 0.118585 0.191213 0.191213 0.191213 0.191213 0.201556 0.201556 0.201556 0.201556 0.0559017 0.0559017 0.0559017 0.0559017 0.408121 0.408121 0.408121 0.408121 0.471699 0.471699 0.471699 0.471699 0.253106 0.253106 0.253106 0.253106 0.304138 0.304138 0.304138 0.304138 0.492443 0.492443 0.492443 0.492443 0.673146 0.673146 0.673146 0.673146 0.725431
0.194454 0.434813 0.434813 0.434813 0.434813 0.441942 0.441942 0.441942 0.441942 0.308727 0.308727 0.308727 0.308727 0.318689 0.318689 0.318689 0.318689 0.269838 0.269838 0.269838 0.269838 0.232513 0.232513 0.232513 0.232513 0.053033 0.053033 0.053033 0.053033 0.0559017 0.0559017 0.0559017 0.0559017 0.118585 0.118585 0.118585 0.118585 0.191213 0.191213 0.191213 0.191213 0.201556 0.201556 0.201556 0.201556 0.0559017 0.0559017 0.0559017 0.0559017 0.408121 0.408121 0.408121 0.408121 0.471699 0.471699 0.471699 0.471699 0.253106 0.253106 0.253106 0.253106 0.304138 0.304138 0.304138 0.304138 0.492443 0.492443 0.492443 0.492443 0.673146 0.673146 0.673146 0.673146 0.725431
0.194454 0.434813 0.434813 0.434813 0.434813 0.441942 0.441942 0.441942 0.441942 0.308727 0.308727 0.308727 0.308727 0.318689 0.318689 0.318689 0.318689 0.269838 0.269838 0.269838 0.269838 0.232513 0.232513 0.232513 0.232513 0.053033 0.053033 0.053033 0.053033 0.0559017 0.0559017 0.0559017 0.0559017 0.118585 0.118585 0.118585 0.118585 0.191213 0.191213 0.191213 0.191213 0.201556 0.201556 0.201556 0.201556 0.0559017 0.0559017 0.0559017 0.0559017 0.408121 0.408121 0.408121 0.408121 0.471699 0.471699 0.471699 0.471699 0.253106 0.253106 0.253106 0.253106 0.304138 0.304138 0.304138 0.304138 0.492443 0.492443 0.492443 0.492443 0.673146 0.673146 0.673146 0.673146 0.725431
0.194454 0.434813 0.434813 0.434813 0.434813 0.441942 0.441942 0.441942 0.441942 0.308727 0.308727 0.308727 0.308727 0.318689 0.318689 0.318689 0.318689 0.269838 0.269838 0.269838 0.269838 0.232513 0.232513 0.232513 0.232513 0.053033 0.053033 0.053033 0.053033 0.0559017 0.0559017 0.0559017 0.0559017 0.118585 0.118585 0.118585 0.118585 0.191213 0.191213 0.191213 0.191213 0.201556 0.201556 0.201556 0.201556 0.0559017 0.0559017 0.0559017 0.0559017 0.408121 0.408121 0.408121 0.408121 0.471699 0.471699 0.471699 0.471699 0.253106 0.253106 0.253106 0.253106 0.304138 0.304138 0.304138 0.304138 0.492443 0.492443 0.492443 0.492443 0.673146 0.673146 0.673146 0.673146 0.725431
0 0 0 0 0 0.142522 0.142522 0.142522 0.142522 0.191213 0.191213 0.191213 0.191213 0.0883884 0.0883884 0.0883884 0.0883884 0.107529 0.107529 0.107529 0.107529 0.160078 0.160078 0.160078 0.160078 0.0790569 0.0790569 0.0790569 0.0790569 0.025 0.025 0.025 0.025 0.0637377 0.0637377 0.0637377 0.0637377 0.0790569 0.0790569 0.0790569 0.0790569 0.111803 0.111803 0.111803 0.111803 0.262797 0.262797 0.262797 0.262797 0.446164 0.446164 0.446164 0.446164 0.31275 0.31275 0.31275 0.31275 0.138067 0.138067 0.138067 0.138067 0.025 0.025 0.025 0.025 0.251247 0.251247 0.251247 0.251247 0.285044 0.285044 0.285044 0.285044 0.0559017
0 0 0 0 0 0.142522 0.142522 0.142522 0.142522 0.191213 0.191213 0.191213 0.191213 0.0883884 0.0883884 0.0883884 0.0883884 0.107529 0.107529 0.107529 0.107529 0.160078 0.160078 0.160078 0.160078 0.0790569 0.0790569 0.0790569 0.0790569 0.025 0.025 0.025 0.025 0.0637377 0.0637377 0.0637377 0.0637377 0.0790569 0.0790569 0.0790569 0.0790569 0.111803 0.111803 0.111803 0.111803 0.262797 0.262797 0.262797 0.262797 0.446164 0.446164 0.446164 0.446164 0.31275 0.31275 0.31275 0.31275 0.138067 0.138067 0.138067 0.138067 0.025 0.025 0.025 0.025 0.251247 0.251247 0.251247 0.251247 0.285044 0.285044 0.285044 0.285044 0.0559017
0 0 0 0 0 0.142522 0.142522 0.142522 0.142522 0.191213 0.191213 0.191213 0.191213 0.0883884 0.0883884 0.0883884 0.0883884 0.107529 0.107529 0.107529 0.107529 0.160078 0.160078 0.160078 0.160078 0.0790569 0.0790569 0.0790569 0.0790569 0.025 0.025 0.025 0.025 0.0637377 0.0637377 0.0637377 0.0637377 0.0790569 0.0790569 0.0790569 0.0790569 0.111803 0.111803 0.111803 0.111803 0.262797 0.262797 0.262797 0.262797 0.446164 0.446164 0.446164 0.446164 0.31275 0.31275 0.31275 0.31275 0.138067 0.138067 0.138067 0.138067 0.025 0.025 0.025 0.025 0.251247 0.251247 0.251247 0.251247 0.285044 0.285044 0.285044 0.285044 0.0559017
0 0 0 0 0 0.142522 0.142522 0.142522 0.142522 0.191213 0.191213 0.191213 0.191213 0.0883884 0.0883884 0.0883884 0.0883884 0.107529 0.107529 0.107529 0.107529 0.160078 0.160078 0.160078 0.160078 0.0790569 0.0790569 0.0790569 0.0790569 0.025 0.025 0.025 0.025 0.0637377 0.0637377 0.0637377 0.0637377 0.0790569 0.0790569 0.0790569 0.0790569 0.111803 0.111803 0.111803 0.111803 0.262797 0.262797 0.262797 0.262797 0.446164 0.446164 0.446164 0.446164 0.31275 0.31275 0.31275 0.31275 0.138067 0.138067 0.138067 0.138067 0.025 0.025 0.025 0.025 0.251247 0.251247 0.251247 0.251247 0.285044 0.285044 0.285044 0.285044 0.0559017
0.0395285 0.0176777 0.0176777 0.0176777 0.0176777 0.0707107 0.0707107 0.0707107 0.0707107 0.31275 0.31275 0.31275 0.31275 0.22981 0.22981 0.22981 0.22981 0.265754 0.265754 0.265754 0.265754 0.134629 0.134629 0.134629 0.134629 0.0395285 0.0395285 0.0395285 0.0395285 0.05 0.05 0.05 0.05 0.113192 0.113192 0.113192 0.113192 0.118585 0.118585 0.118585 0.118585 0.0637377 0.0637377 0.0637377 0.0637377 0.324519 0.324519 0.324519 0.324519 0.420193 0.420193 0.420193 0.420193 0.32596 0.32596 0.32596 0.32596 0.232513 0.232513 0.232513 0.232513 0.103078 0.103078 0.103078 0.103078 0.194454 0.194454 0.194454 0.194454 0.336341 0.336341 0.336341 0.336341 0.269258
0.0395285 0.0176777 0.0176777 0.0176777 0.0176777 0.0707107 0.0707107 0.0707107 0.0707107 0.31275 0.31275 0.31275 0.31275 0.22981 0.22981 0.22981 0.22981 0.265754 0.265754 0.265754 0.265754 0.134629 0.134629 0.134629 0.134629 0.0395285 0.0395285 0.0395285 0.0395285 0.05 0.05 0.05 0.05 0.113192 0.113192 0.113192 0.113192 0.118585 0.118585 0.118585 0.118585 0.0637377 0.0637377 0.0637377 0.0637377 0.324519 0.324519 0.324519 0.324519 0.420193 0.420193 0.420193 0.420193 0.32596 0.32596 0.32596 0.32596 0.232513 0.232513 0.232513 0.232513 0.103078 0.103078 0.103078 0.103078 0.194454 0.194454 0.194454 0.194454 0.336341 0.336341 0.336341 0.336341 0.269258
0.0395285 0.0176777 0.0176777 0.0176777 0.0176777 0.0707107 0.0707107 0.0707107 0.0707107 0.31275 0.31275 0.31275 0.31275 0.22981 0.22981 0.22981 0.22981 0.265754 0.265754 0.265754 0.265754 0.134629 0.134629 0.134629 0.134629 0.0395285 0.0395285 0.0395285 0.0395285 0.05 0.05 0.05 0.05 0.113192 0.113192 0.113192 0.113192 0.118585 0.118585 0.118585 0.118585 0.0637377 0.0637377 0.0637377 0.0637377 0.324519 0.324519 0.324519 0.324519 0.420193 0.420193 0.420193 0.420193 0.32596 0.32596 0.32596 0.32596 0.232513 0.232513 0.232513 0.232513 0.103078 0.103078 0.103078 0.103078 0.194454 0.194454 0.194454 0.194454 0.336341 0.336341 0.336341 0.336341 0.269258
0.0395285 0.0176777 0.0176777 0.0176777 0.0176777 0.0707107 0.0707107 0.0707107 0.0707107 0.31275 0.31275 0.31275 0.31275 0.22981 0.22981 0.22981 0.22981 0.265754 0.265754 0.265754 0.265754 0.134629 0.134629 0.134629 0.134629 0.0395285 0.0395285 0.0395285 0.0395285 0.05 0.05 0.05 0.05 0.113192 0.113192 0.113192 0.113192 0.118585 0.118585 0.118585 0.118585 0.0637377 0.0637377 0.0637377 0.0637377 0.324519 0.324519 0.324519 0.324519 0.420193 0.420193 0.420193 0.420193 0.32596 0.32596 0.32596 0.32596 0.232513 0.232513 0.232513 0.232513 0.103078 0.103078 0.103078 0.103078 0.194454 0.194454 0.194454 0.194454 0.336341 0.336341 0.336341 0.336341 0.269258
0.106066 0.0395285 0.0395285 0.0395285 0.0395285 0 0 0 0 0.316228 0.316228 0.316228 0.316228 0.320156 0.320156 0.320156 0.320156 0.134629 0.134629 0.134629 0.134629 0.197642 0.197642 0.197642 0.197642 0.187916 0.187916 0.187916 0.187916 0.0637377 0.0637377 0.0637377 0.0637377 0.127476 0.127476 0.127476 0.127476 0.113192 0.113192 0.113192 0.113192 0.0395285 0.0395285 0.0395285 0.0395285 0.215784 0.215784 0.215784 0.215784 0.330246 0.330246 0.330246 0.330246 0.371652 0.371652 0.371652 0.371652 0.337731 0.337731 0.337731 0.337731 0.212132 0.212132 0.212132 0.212132 0.152069 0.152069 0.152069 0.152069 0.151038 0.151038 0.151038 0.151038 0.152069
0.106066 0.0395285 0.0395285 0.0395285 0.0395285 0 0 0 0 0.316228 0.316228 0.316228 0.316228 0.320156 0.320156 0.320156 0.320156 0.134629 0.134629 0.134629 0.134629 0.197642 0.197642 0.197642 0.197642 0.187916 0.187916 0.187916 0.187916 0.0637377 0.0637377 0.0637377 0.0637377 0.127476 0.127476 0.127476 0.127476 0.113192 0.113192 0.113192 0.113192 0.0395285 0.0395285 0.0395285 0.0395285 0.215784 0.215784 0.215784 0.215784 0.330246 0.330246 0.330246 0.330246 0.371652 0.371652 0.371652 0.371652 0.337731 0.337731 0.337731 0.337731 0.212132 0.212132 0.212132 0.212132 0.152069 0.152069 0.152069 0.152069 0.151038 0.151038 0.151038 0.151038 0.152069
0.106066 0.0395285 0.0395285 0.0395285 0.0395285 0 0 0 0 0.316228 0.316228 0.316228 0.316228 0.320156 0.320156 0.320156 0.320156 0.134629 0.134629 0.134629 0.134629 0.197642 0.197642 0.197642 0.197642 0.187916 0.187916 0.187916 0.187916 0.0637377 0.0637377 0.0637377 0.0637377 0.127476 0.127476 0.127476 0.127476 0.113192 0.113192 0.113192 0.113192 0.0395285 0.0395285 0.0395285 0.0395285 0.215784 0.215784 0.215784 0.215784 0.330246 0.330246 0.330246 0.330246 0.371652 0.371652 0.371652 0.371652 0.337731 0.337731 0.337731 0.337731 0.212132 0.212132 0.212132 0.212132 0.152069 0.152069 0.152069 0.152069 0.151038 0.151038 0.151038 0.151038 0.152069
0.106066 0.0395285 0.0395285 0.0395285 0.0395285 0 0 0 0 0.316228 0.316228 0.316228 0.316228 0.320156 0.320156 0.320156 0.320156 0.134629 0.134629 0.134629 0.134629 0.197642 0.197642 0.197642 0.197642 0.187916 0.187916 0.187916 0.187916 0.0637377 0.0637377 0.0637377 0.0637377 0.127476 0.127476 0.127476 0.127476 0.113192 0.113192 0.113192 0.113192 0.0395285 0.0395285 0.0395285 0.0395285 0.215784 0.215784 0.215784 0.215784 0.330246 0.330246 0.330246 0.330246 0.371652 0.371652 0.371652 0.371652 0.337731 0.337731 0.337731 0.337731 0.212132 0.212132 0.212132 0.212132 0.152069 0.152069 0.152069 0.152069 0.151038 0.151038 0.151038 0.151038 0.152069
