EU_test_data/Lisbon/lisbon_elevation.asc
ncols         400
nrows         400
xllcorner     2680750
yllcorner     1902250
cellsize      250
NODATA_value  -9999
[rows 71 to 141 of 400, columns 192 to 287 of 400]
67 67 67 85 85 85 85 82 82 82 82 89 89 89 89 94 94 94 94 85 85 85 85 72 72 72 72 84 84 84 84 89 89 89 89 80 80 80 80 88 88 88 88 91 91 91 91 74 74 74 74 69 69 69 69 68 68 68 68 74 74 74 74 67 67 67 67 25 25 25 25 12 12 12 12 11 11 11 11 14 14 14 14 12 12 12 12 8 8 8 8 11 11 11 11 21
67 67 67 85 85 85 85 82 82 82 82 89 89 89 89 94 94 94 94 85 85 85 85 72 72 72 72 84 84 84 84 89 89 89 89 80 80 80 80 88 88 88 88 91 91 91 91 74 74 74 74 69 69 69 69 68 68 68 68 74 74 74 74 67 67 67 67 25 25 25 25 12 12 12 12 11 11 11 11 14 14 14 14 12 12 12 12 8 8 8 8 11 11 11 11 21
67 67 67 85 85 85 85 82 82 82 82 89 89 89 89 94 94 94 94 85 85 85 85 72 72 72 72 84 84 84 84 89 89 89 89 80 80 80 80 88 88 88 88 91 91 91 91 74 74 74 74 69 69 69 69 68 68 68 68 74 74 74 74 67 67 67 67 25 25 25 25 12 12 12 12 11 11 11 11 14 14 14 14 12 12 12 12 8 8 8 8 11 11 11 11 21
85 85 85 94 94 94 94 98 98 98 98 105 105 105 105 101 101 101 101 82 82 82 82 69 69 69 69 58 58 58 58 62 62 62 62 48 48 48 48 74 74 74 74 85 85 85 85 84 84 84 84 73 73 73 73 67 67 67 67 60 60 60 60 64 64 64 64 31 31 31 31 17 17 17 17 12 12 12 12 13 13 13 13 11 11 11 11 8 8 8 8 20 20 20 20 33
85 85 85 94 94 94 94 98 98 98 98 105 105 105 105 101 101 101 101 82 82 82 82 69 69 69 69 58 58 58 58 62 62 62 62 48 48 48 48 74 74 74 74 85 85 85 85 84 84 84 84 73 73 73 73 67 67 67 67 60 60 60 60 64 64 64 64 31 31 31 31 17 17 17 17 12 12 12 12 13 13 13 13 11 11 11 11 8 8 8 8 20 20 20 20 33
85 85 85 94 94 94 94 98 98 98 98 105 105 105 105 101 101 101 101 82 82 82 82 69 69 69 69 58 58 58 58 62 62 62 62 48 48 48 48 74 74 74 74 85 85 85 85 84 84 84 84 73 73 73 73 67 67 67 67 60 60 60 60 64 64 64 64 31 31 31 31 17 17 17 17 12 12 12 12 13 13 13 13 11 11 11 11 8 8 8 8 20 20 20 20 33
85 85 85 94 94 94 94 98 98 98 98 105 105 105 105 101 101 101 101 82 82 82 82 69 69 69 69 58 58 58 58 62 62 62 62 48 48 48 48 74 74 74 74 85 85 85 85 84 84 84 84 73 73 73 73 67 67 67 67 60 60 60 60 64 64 64 64 31 31 31 31 17 17 17 17 12 12 12 12 13 13 13 13 11 11 11 11 8 8 8 8 20 20 20 20 33
95 95 95 100 100 100 100 102 102 102 102 106 106 106 106 101 101 101 101 86 86 86 86 76 76 76 76 79 79 79 79 58 58 58 58 39 39 39 39 49 49 49 49 57 57 57 57 49 49 49 49 58 58 58 58 70 70 70 70 45 45 45 45 39 39 39 39 22 22 22 22 17 17 17 17 12 12 12 12 13 13 13 13 9 9 9 9 10 10 10 10 28 28 28 28 24
95 95 95 100 100 100 100 102 102 102 102 106 106 106 106 101 101 101 101 86 86 86 86 76 76 76 76 79 79 79 79 58 58 58 58 39 39 39 39 49 49 49 49 57 57 57 57 49 49 49 49 58 58 58 58 70 70 70 70 45 45 45 45 39 39 39 39 22 22 22 22 17 17 17 17 12 12 12 12 13 13 13 13 9 9 9 9 10 10 10 10 28 28 28 28 24
95 95 95 100 100 100 100 102 102 102 102 106 106 106 106 101 101 101 101 86 86 86 86 76 76 76 76 79 79 79 79 58 58 58 58 39 39 39 39 49 49 49 49 57 57 57 57 49 49 49 49 58 58 58 58 70 70 70 70 45 45 45 45 39 39 39 39 22 22 22 22 17 17 17 17 12 12 12 12 13 13 13 13 9 9 9 9 10 10 10 10 28 28 28 28 24
95 95 95 100 100 100 100 102 102 102 102 106 106 106 106 101 101 101 101 86 86 86 86 76 76 76 76 79 79 79 79 58 58 58 58 39 39 39 39 49 49 49 49 57 57 57 57 49 49 49 49 58 58 58 58 70 70 70 70 45 45 45 45 39 39 39 39 22 22 22 22 17 17 17 17 12 12 12 12 13 13 13 13 9 9 9 9 10 10 10 10 28 28 28 28 24
93 93 93 95 95 95 95 93 93 93 93 101 101 101 101 101 101 101 101 89 89 89 89 89 89 89 89 94 94 94 94 65 65 65 65 30 30 30 30 32 32 32 32 34 34 34 34 42 42 42 42 32 32 32 32 41 41 41 41 30 30 30 30 22 22 22 22 18 18 18 18 12 12 12 12 13 13 13 13 13 13 13 13 9 9 9 9 8 8 8 8 12 12 12 12 13
93 93 93 95 95 95 95 93 93 93 93 101 101 101 101 101 101 101 101 89 89 89 89 89 89 89 89 94 94 94 94 65 65 65 65 30 30 30 30 32 32 32 32 34 34 34 34 42 42 42 42 32 32 32 32 41 41 41 41 30 30 30 30 22 22 22 22 18 18 18 18 12 12 12 12 13 13 13 13 13 13 13 13 9 9 9 9 8 8 8 8 12 12 12 12 13
93 93 93 95 95 95 95 93 93 93 93 101 101 101 101 101 101 101 101 89 89 89 89 89 89 89 89 94 94 94 94 65 65 65 65 30 30 30 30 32 32 32 32 34 34 34 34 42 42 42 42 32 32 32 32 41 41 41 41 30 30 30 30 22 22 22 22 18 18 18 18 12 12 12 12 13 13 13 13 13 13 13 13 9 9 9 9 8 8 8 8 12 12 12 12 13
93 93 93 95 95 95 95 93 93 93 93 101 101 101 101 101 101 101 101 89 89 89 89 89 89 89 89 94 94 94 94 65 65 65 65 30 30 30 30 32 32 32 32 34 34 34 34 42 42 42 42 32 32 32 32 41 41 41 41 30 30 30 30 22 22 22 22 18 18 18 18 12 12 12 12 13 13 13 13 13 13 13 13 9 9 9 9 8 8 8 8 12 12 12 12 13
87 87 87 89 89 89 89 85 85 85 85 94 94 94 94 98 98 98 98 94 94 94 94 98 98 98 98 89 89 89 89 58 58 58 58 32 32 32 32 23 23 23 23 32 32 32 32 39 39 39 39 31 31 31 31 18 18 18 18 16 16 16 16 24 24 24 24 21 21 21 21 13 13 13 13 13 13 13 13 10 10 10 10 8 8 8 8 7 7 7 7 5 5 5 5 7
87 87 87 89 89 89 89 85 85 85 85 94 94 94 94 98 98 98 98 94 94 94 94 98 98 98 98 89 89 89 89 58 58 58 58 32 32 32 32 23 23 23 23 32 32 32 32 39 39 39 39 31 31 31 31 18 18 18 18 16 16 16 16 24 24 24 24 21 21 21 21 13 13 13 13 13 13 13 13 10 10 10 10 8 8 8 8 7 7 7 7 5 5 5 5 7
87 87 87 89 89 89 89 85 85 85 85 94 94 94 94 98 98 98 98 94 94 94 94 98 98 98 98 89 89 89 89 58 58 58 58 32 32 32 32 23 23 23 23 32 32 32 32 39 39 39 39 31 31 31 31 18 18 18 18 16 16 16 16 24 24 24 24 21 21 21 21 13 13 13 13 13 13 13 13 10 10 10 10 8 8 8 8 7 7 7 7 5 5 5 5 7
87 87 87 89 89 89 89 85 85 85 85 94 94 94 94 98 98 98 98 94 94 94 94 98 98 98 98 89 89 89 89 58 58 58 58 32 32 32 32 23 23 23 23 32 32 32 32 39 39 39 39 31 31 31 31 18 18 18 18 16 16 16 16 24 24 24 24 21 21 21 21 13 13 13 13 13 13 13 13 10 10 10 10 8 8 8 8 7 7 7 7 5 5 5 5 7
78 78 78 90 90 90 90 92 92 92 92 85 85 85 85 95 95 95 95 101 101 101 101 103 103 103 103 94 94 94 94 70 70 70 70 43 43 43 43 36 36 36 36 30 30 30 30 30 30 30 30 27 27 27 27 16 16 16 16 18 18 18 18 16 16 16 16 18 18 18 18 14 14 14 14 9 9 9 9 9 9 9 9 7 7 7 7 3 3 3 3 3 3 3 3 5
78 78 78 90 90 90 90 92 92 92 92 85 85 85 85 95 95 95 95 101 101 101 101 103 103 103 103 94 94 94 94 70 70 70 70 43 43 43 43 36 36 36 36 30 30 30 30 30 30 30 30 27 27 27 27 16 16 16 16 18 18 18 18 16 16 16 16 18 18 18 18 14 14 14 14 9 9 9 9 9 9 9 9 7 7 7 7 3 3 3 3 3 3 3 3 5
78 78 78 90 90 90 90 92 92 92 92 85 85 85 85 95 95 95 95 101 101 101 101 103 103 103 103 94 94 94 94 70 70 70 70 43 43 43 43 36 36 36 36 30 30 30 30 30 30 30 30 27 27 27 27 16 16 16 16 18 18 18 18 16 16 16 16 18 18 18 18 14 14 14 14 9 9 9 9 9 9 9 9 7 7 7 7 3 3 3 3 3 3 3 3 5
78 78 78 90 90 90 90 92 92 92 92 85 85 85 85 95 95 95 95 101 101 101 101 103 103 103 103 94 94 94 94 70 70 70 70 43 43 43 43 36 36 36 36 30 30 30 30 30 30 30 30 27 27 27 27 16 16 16 16 18 18 18 18 16 16 16 16 18 18 18 18 14 14 14 14 9 9 9 9 9 9 9 9 7 7 7 7 3 3 3 3 3 3 3 3 5
68 68 68 86 86 86 86 79 79 79 79 84 84 84 84 89 89 89 89 96 96 96 96 104 104 104 104 103 103 103 103 94 94 94 94 63 63 63 63 58 58 58 58 53 53 53 53 47 47 47 47 31 31 31 31 31 31 31 31 45 45 45 45 41 41 41 41 23 23 23 23 10 10 10 10 8 8 8 8 8 8 8 8 4 4 4 4 6 6 6 6 0 0 0 0 7
68 68 68 86 86 86 86 79 79 79 79 84 84 84 84 89 89 89 89 96 96 96 96 104 104 104 104 103 103 103 103 94 94 94 94 63 63 63 63 58 58 58 58 53 53 53 53 47 47 47 47 31 31 31 31 31 31 31 31 45 45 45 45 41 41 41 41 23 23 23 23 10 10 10 10 8 8 8 8 8 8 8 8 4 4 4 4 6 6 6 6 0 0 0 0 7
68 68 68 86 86 86 86 79 79 79 79 84 84 84 84 89 89 89 89 96 96 96 96 104 104 104 104 103 103 103 103 94 94 94 94 63 63 63 63 58 58 58 58 53 53 53 53 47 47 47 47 31 31 31 31 31 31 31 31 45 45 45 45 41 41 41 41 23 23 23 23 10 10 10 10 8 8 8 8 8 8 8 8 4 4 4 4 6 6 6 6 0 0 0 0 7
68 68 68 86 86 86 86 79 79 79 79 84 84 84 84 89 89 89 89 96 96 96 96 104 104 104 104 103 103 103 103 94 94 94 94 63 63 63 63 58 58 58 58 53 53 53 53 47 47 47 47 31 31 31 31 31 31 31 31 45 45 45 45 41 41 41 41 23 23 23 23 10 10 10 10 8 8 8 8 8 8 8 8 4 4 4 4 6 6 6 6 0 0 0 0 7
64 64 64 66 66 66 66 82 82 82 82 92 92 92 92 86 86 86 86 89 89 89 89 102 102 102 102 102 102 102 102 94 94 94 94 82 82 82 82 74 74 74 74 73 73 73 73 63 63 63 63 53 53 53 53 56 56 56 56 57 57 57 57 45 45 45 45 16 16 16 16 4 4 4 4 1 1 1 1 3 3 3 3 2 2 2 2 0 0 0 0 9 9 9 9 8
64 64 64 66 66 66 66 82 82 82 82 92 92 92 92 86 86 86 86 89 89 89 89 102 102 102 102 102 102 102 102 94 94 94 94 82 82 82 82 74 74 74 74 73 73 73 73 63 63 63 63 53 53 53 53 56 56 56 56 57 57 57 57 45 45 45 45 16 16 16 16 4 4 4 4 1 1 1 1 3 3 3 3 2 2 2 2 0 0 0 0 9 9 9 9 8
64 64 64 66 66 66 66 82 82 82 82 92 92 92 92 86 86 86 86 89 89 89 89 102 102 102 102 102 102 102 102 94 94 94 94 82 82 82 82 74 74 74 74 73 73 73 73 63 63 63 63 53 53 53 53 56 56 56 56 57 57 57 57 45 45 45 45 16 16 16 16 4 4 4 4 1 1 1 1 3 3 3 3 2 2 2 2 0 0 0 0 9 9 9 9 8
64 64 64 66 66 66 66 82 82 82 82 92 92 92 92 86 86 86 86 89 89 89 89 102 102 102 102 102 102 102 102 94 94 94 94 82 82 82 82 74 74 74 74 73 73 73 73 63 63 63 63 53 53 53 53 56 56 56 56 57 57 57 57 45 45 45 45 16 16 16 16 4 4 4 4 1 1 1 1 3 3 3 3 2 2 2 2 0 0 0 0 9 9 9 9 8
55 55 55 52 52 52 52 72 72 72 72 80 80 80 80 74 74 74 74 86 86 86 86 101 101 101 101 101 101 101 101 89 89 89 89 66 66 66 66 69 69 69 69 70 70 70 70 68 68 68 68 66 66 66 66 59 59 59 59 50 50 50 50 18 18 18 18 3 3 3 3 1 1 1 1 1 1 1 1 1 1 1 1 0 0 0 0 1 1 1 1 6 6 6 6 9
55 55 55 52 52 52 52 72 72 72 72 80 80 80 80 74 74 74 74 86 86 86 86 101 101 101 101 101 101 101 101 89 89 89 89 66 66 66 66 69 69 69 69 70 70 70 70 68 68 68 68 66 66 66 66 59 59 59 59 50 50 50 50 18 18 18 18 3 3 3 3 1 1 1 1 1 1 1 1 1 1 1 1 0 0 0 0 1 1 1 1 6 6 6 6 9
55 55 55 52 52 52 52 72 72 72 72 80 80 80 80 74 74 74 74 86 86 86 86 101 101 101 101 101 101 101 101 89 89 89 89 66 66 66 66 69 69 69 69 70 70 70 70 68 68 68 68 66 66 66 66 59 59 59 59 50 50 50 50 18 18 18 18 3 3 3 3 1 1 1 1 1 1 1 1 1 1 1 1 0 0 0 0 1 1 1 1 6 6 6 6 9
55 55 55 52 52 52 52 72 72 72 72 80 80 80 80 74 74 74 74 86 86 86 86 101 101 101 101 101 101 101 101 89 89 89 89 66 66 66 66 69 69 69 69 70 70 70 70 68 68 68 68 66 66 66 66 59 59 59 59 50 50 50 50 18 18 18 18 3 3 3 3 1 1 1 1 1 1 1 1 1 1 1 1 0 0 0 0 1 1 1 1 6 6 6 6 9
43 43 43 45 45 45 45 55 55 55 55 63 63 63 63 70 70 70 70 80 80 80 80 95 95 95 95 89 89 89 89 82 82 82 82 70 70 70 70 64 64 64 64 48 48 48 48 63 63 63 63 65 65 65 65 40 40 40 40 29 29 29 29 3 3 3 3 1 1 1 1 1 1 1 1 1 1 1 1 0 0 0 0 0 0 0 0 1 1 1 1 1 1 1 1 2
43 43 43 45 45 45 45 55 55 55 55 63 63 63 63 70 70 70 70 80 80 80 80 95 95 95 95 89 89 89 89 82 82 82 82 70 70 70 70 64 64 64 64 48 48 48 48 63 63 63 63 65 65 65 65 40 40 40 40 29 29 29 29 3 3 3 3 1 1 1 1 1 1 1 1 1 1 1 1 0 0 0 0 0 0 0 0 1 1 1 1 1 1 1 1 2
43 43 43 45 45 45 45 55 55 55 55 63 63 63 63 70 70 70 70 80 80 80 80 95 95 95 95 89 89 89 89 82 82 82 82 70 70 70 70 64 64 64 64 48 48 48 48 63 63 63 63 65 65 65 65 40 40 40 40 29 29 29 29 3 3 3 3 1 1 1 1 1 1 1 1 1 1 1 1 0 0 0 0 0 0 0 0 1 1 1 1 1 1 1 1 2
43 43 43 45 45 45 45 55 55 55 55 63 63 63 63 70 70 70 70 80 80 80 80 95 95 95 95 89 89 89 89 82 82 82 82 70 70 70 70 64 64 64 64 48 48 48 48 63 63 63 63 65 65 65 65 40 40 40 40 29 29 29 29 3 3 3 3 1 1 1 1 1 1 1 1 1 1 1 1 0 0 0 0 0 0 0 0 1 1 1 1 1 1 1 1 2
47 47 47 43 43 43 43 37 37 37 37 48 48 48 48 59 59 59 59 75 75 75 75 89 89 89 89 89 89 89 89 59 59 59 59 83 83 83 83 73 73 73 73 38 38 38 38 60 60 60 60 52 52 52 52 29 29 29 29 6 6 6 6 3 3 3 3 1 1 1 1 1 1 1 1 1 1 1 1 1 1 1 1 1 1 1 1 1 1 1 1 1 1 1 1 1
47 47 47 43 43 43 43 37 37 37 37 48 48 48 48 59 59 59 59 75 75 75 75 89 89 89 89 89 89 89 89 59 59 59 59 83 83 83 83 73 73 73 73 38 38 38 38 60 60 60 60 52 52 52 52 29 29 29 29 6 6 6 6 3 3 3 3 1 1 1 1 1 1 1 1 1 1 1 1 1 1 1 1 1 1 1 1 1 1 1 1 1 1 1 1 1
47 47 47 43 43 43 43 37 37 37 37 48 48 48 48 59 59 59 59 75 75 75 75 89 89 89 89 89 89 89 89 59 59 59 59 83 83 83 83 73 73 73 73 38 38 38 38 60 60 60 60 52 52 52 52 29 29 29 29 6 6 6 6 3 3 3 3 1 1 1 1 1 1 1 1 1 1 1 1 1 1 1 1 1 1 1 1 1 1 1 1 1 1 1 1 1
47 47 47 43 43 43 43 37 37 37 37 48 48 48 48 59 59 59 59 75 75 75 75 89 89 89 89 89 89 89 89 59 59 59 59 83 83 83 83 73 73 73 73 38 38 38 38 60 60 60 60 52 52 52 52 29 29 29 29 6 6 6 6 3 3 3 3 1 1 1 1 1 1 1 1 1 1 1 1 1 1 1 1 1 1 1 1 1 1 1 1 1 1 1 1 1
80 80 80 60 60 60 60 39 39 39 39 42 42 42 42 49 49 49 49 67 67 67 67 86 86 86 86 89 89 89 89 67 67 67 67 79 79 79 79 77 77 77 77 37 37 37 37 33 33 33 33 27 27 27 27 4 4 4 4 1 1 1 1 1 1 1 1 0 0 0 0 0 0 0 0 1 1 1 1 1 1 1 1 1 1 1 1 1 1 1 1 1 1 1 1 1
80 80 80 60 60 60 60 39 39 39 39 42 42 42 42 49 49 49 49 67 67 67 67 86 86 86 86 89 89 89 89 67 67 67 67 79 79 79 79 77 77 77 77 37 37 37 37 33 33 33 33 27 27 27 27 4 4 4 4 1 1 1 1 1 1 1 1 0 0 0 0 0 0 0 0 1 1 1 1 1 1 1 1 1 1 1 1 1 1 1 1 1 1 1 1 1
80 80 80 60 60 60 60 39 39 39 39 42 42 42 42 49 49 49 49 67 67 67 67 86 86 86 86 89 89 89 89 67 67 67 67 79 79 79 79 77 77 77 77 37 37 37 37 33 33 33 33 27 27 27 27 4 4 4 4 1 1 1 1 1 1 1 1 0 0 0 0 0 0 0 0 1 1 1 1 1 1 1 1 1 1 1 1 1 1 1 1 1 1 1 1 1
80 80 80 60 60 60 60 39 39 39 39 42 42 42 42 49 49 49 49 67 67 67 67 86 86 86 86 89 89 89 89 67 67 67 67 79 79 79 79 77 77 77 77 37 37 37 37 33 33 33 33 27 27 27 27 4 4 4 4 1 1 1 1 1 1 1 1 0 0 0 0 0 0 0 0 1 1 1 1 1 1 1 1 1 1 1 1 1 1 1 1 1 1 1 1 1
86 86 86 69 69 69 69 32 32 32 32 57 57 57 57 43 43 43 43 56 56 56 56 72 72 72 72 82 82 82 82 61 61 61 61 39 39 39 39 48 48 48 48 38 38 38 38 15 15 15 15 5 5 5 5 1 1 1 1 0 0 0 0 0 0 0 0 1 1 1 1 1 1 1 1 1 1 1 1 1 1 1 1 1 1 1 1 1 1 1 1 1 1 1 1 1
86 86 86 69 69 69 69 32 32 32 32 57 57 57 57 43 43 43 43 56 56 56 56 72 72 72 72 82 82 82 82 61 61 61 61 39 39 39 39 48 48 48 48 38 38 38 38 15 15 15 15 5 5 5 5 1 1 1 1 0 0 0 0 0 0 0 0 1 1 1 1 1 1 1 1 1 1 1 1 1 1 1 1 1 1 1 1 1 1 1 1 1 1 1 1 1
86 86 86 69 69 69 69 32 32 32 32 57 57 57 57 43 43 43 43 56 56 56 56 72 72 72 72 82 82 82 82 61 61 61 61 39 39 39 39 48 48 48 48 38 38 38 38 15 15 15 15 5 5 5 5 1 1 1 1 0 0 0 0 0 0 0 0 1 1 1 1 1 1 1 1 1 1 1 1 1 1 1 1 1 1 1 1 1 1 1 1 1 1 1 1 1
86 86 86 69 69 69 69 32 32 32 32 57 57 57 57 43 43 43 43 56 56 56 56 72 72 72 72 82 82 82 82 61 61 61 61 39 39 39 39 48 48 48 48 38 38 38 38 15 15 15 15 5 5 5 5 1 1 1 1 0 0 0 0 0 0 0 0 1 1 1 1 1 1 1 1 1 1 1 1 1 1 1 1 1 1 1 1 1 1 1 1 1 1 1 1 1
74 74 74 52 52 52 52 72 72 72 72 83 83 83 83 94 94 94 94 86 86 86 86 74 74 74 74 62 62 62 62 41 41 41 41 21 21 21 21 16 16 16 16 13 13 13 13 2 2 2 2 1 1 1 1 0 0 0 0 0 0 0 0 1 1 1 1 1 1 1 1 1 1 1 1 1 1 1 1 1 1 1 1 1 1 1 1 1 1 1 1 1 1 1 1 1
74 74 74 52 52 52 52 72 72 72 72 83 83 83 83 94 94 94 94 86 86 86 86 74 74 74 74 62 62 62 62 41 41 41 41 21 21 21 21 16 16 16 16 13 13 13 13 2 2 2 2 1 1 1 1 0 0 0 0 0 0 0 0 1 1 1 1 1 1 1 1 1 1 1 1 1 1 1 1 1 1 1 1 1 1 1 1 1 1 1 1 1 1 1 1 1
74 74 74 52 52 52 52 72 72 72 72 83 83 83 83 94 94 94 94 86 86 86 86 74 74 74 74 62 62 62 62 41 41 41 41 21 21 21 21 16 16 16 16 13 13 13 13 2 2 2 2 1 1 1 1 0 0 0 0 0 0 0 0 1 1 1 1 1 1 1 1 1 1 1 1 1 1 1 1 1 1 1 1 1 1 1 1 1 1 1 1 1 1 1 1 1
74 74 74 52 52 52 52 72 72 72 72 83 83 83 83 94 94 94 94 86 86 86 86 74 74 74 74 62 62 62 62 41 41 41 41 21 21 21 21 16 16 16 16 13 13 13 13 2 2 2 2 1 1 1 1 0 0 0 0 0 0 0 0 1 1 1 1 1 1 1 1 1 1 1 1 1 1 1 1 1 1 1 1 1 1 1 1 1 1 1 1 1 1 1 1 1
38 38 38 40 40 40 40 67 67 67 67 63 63 63 63 72 72 72 72 82 82 82 82 77 77 77 77 38 38 38 38 19 19 19 19 10 10 10 10 5 5 5 5 2 2 2 2 1 1 1 1 0 0 0 0 1 1 1 1 1 1 1 1 1 1 1 1 1 1 1 1 1 1 1 1 1 1 1 1 1 1 1 1 1 1 1 1 1 1 1 1 1 1 1 1 1
38 38 38 40 40 40 40 67 67 67 67 63 63 63 63 72 72 72 72 82 82 82 82 77 77 77 77 38 38 38 38 19 19 19 19 10 10 10 10 5 5 5 5 2 2 2 2 1 1 1 1 0 0 0 0 1 1 1 1 1 1 1 1 1 1 1 1 1 1 1 1 1 1 1 1 1 1 1 1 1 1 1 1 1 1 1 1 1 1 1 1 1 1 1 1 1
38 38 38 40 40 40 40 67 67 67 67 63 63 63 63 72 72 72 72 82 82 82 82 77 77 77 77 38 38 38 38 19 19 19 19 10 10 10 10 5 5 5 5 2 2 2 2 1 1 1 1 0 0 0 0 1 1 1 1 1 1 1 1 1 1 1 1 1 1 1 1 1 1 1 1 1 1 1 1 1 1 1 1 1 1 1 1 1 1 1 1 1 1 1 1 1
38 38 38 40 40 40 40 67 67 67 67 63 63 63 63 72 72 72 72 82 82 82 82 77 77 77 77 38 38 38 38 19 19 19 19 10 10 10 10 5 5 5 5 2 2 2 2 1 1 1 1 0 0 0 0 1 1 1 1 1 1 1 1 1 1 1 1 1 1 1 1 1 1 1 1 1 1 1 1 1 1 1 1 1 1 1 1 1 1 1 1 1 1 1 1 1
12 12 12 17 17 17 17 23 23 23 23 32 32 32 32 34 34 34 34 43 43 43 43 36 36 36 36 16 16 16 16 9 9 9 9 3 3 3 3 1 1 1 1 1 1 1 1 0 0 0 0 1 1 1 1 1 1 1 1 1 1 1 1 1 1 1 1 1 1 1 1 1 1 1 1 1 1 1 1 1 1 1 1 1 1 1 1 1 1 1 1 1 1 1 1 1
12 12 12 17 17 17 17 23 23 23 23 32 32 32 32 34 34 34 34 43 43 43 43 36 36 36 36 16 16 16 16 9 9 9 9 3 3 3 3 1 1 1 1 1 1 1 1 0 0 0 0 1 1 1 1 1 1 1 1 1 1 1 1 1 1 1 1 1 1 1 1 1 1 1 1 1 1 1 1 1 1 1 1 1 1 1 1 1 1 1 1 1 1 1 1 1
12 12 12 17 17 17 17 23 23 23 23 32 32 32 32 34 34 34 34 43 43 43 43 36 36 36 36 16 16 16 16 9 9 9 9 3 3 3 3 1 1 1 1 1 1 1 1 0 0 0 0 1 1 1 1 1 1 1 1 1 1 1 1 1 1 1 1 1 1 1 1 1 1 1 1 1 1 1 1 1 1 1 1 1 1 1 1 1 1 1 1 1 1 1 1 1
12 12 12 17 17 17 17 23 23 23 23 32 32 32 32 34 34 34 34 43 43 43 43 36 36 36 36 16 16 16 16 9 9 9 9 3 3 3 3 1 1 1 1 1 1 1 1 0 0 0 0 1 1 1 1 1 1 1 1 1 1 1 1 1 1 1 1 1 1 1 1 1 1 1 1 1 1 1 1 1 1 1 1 1 1 1 1 1 1 1 1 1 1 1 1 1
3 3 3 5 5 5 5 8 8 8 8 17 17 17 17 19 19 19 19 20 20 20 20 16 16 16 16 10 10 10 10 2 2 2 2 2 2 2 2 1 1 1 1 0 0 0 0 1 1 1 1 1 1 1 1 1 1 1 1 1 1 1 1 1 1 1 1 1 1 1 1 1 1 1 1 1 1 1 1 1 1 1 1 1 1 1 1 1 1 1 1 2 2 2 2 3
3 3 3 5 5 5 5 8 8 8 8 17 17 17 17 19 19 19 19 20 20 20 20 16 16 16 16 10 10 10 10 2 2 2 2 2 2 2 2 1 1 1 1 0 0 0 0 1 1 1 1 1 1 1 1 1 1 1 1 1 1 1 1 1 1 1 1 1 1 1 1 1 1 1 1 1 1 1 1 1 1 1 1 1 1 1 1 1 1 1 1 2 2 2 2 3
3 3 3 5 5 5 5 8 8 8 8 17 17 17 17 19 19 19 19 20 20 20 20 16 16 16 16 10 10 10 10 2 2 2 2 2 2 2 2 1 1 1 1 0 0 0 0 1 1 1 1 1 1 1 1 1 1 1 1 1 1 1 1 1 1 1 1 1 1 1 1 1 1 1 1 1 1 1 1 1 1 1 1 1 1 1 1 1 1 1 1 2 2 2 2 3
3 3 3 5 5 5 5 8 8 8 8 17 17 17 17 19 19 19 19 20 20 20 20 16 16 16 16 10 10 10 10 2 2 2 2 2 2 2 2 1 1 1 1 0 0 0 0 1 1 1 1 1 1 1 1 1 1 1 1 1 1 1 1 1 1 1 1 1 1 1 1 1 1 1 1 1 1 1 1 1 1 1 1 1 1 1 1 1 1 1 1 2 2 2 2 3
2 2 2 3 3 3 3 18 18 18 18 25 25 25 25 31 31 31 31 17 17 17 17 7 7 7 7 2 2 2 2 1 1 1 1 1 1 1 1 0 0 0 0 0 0 0 0 0 0 0 0 1 1 1 1 1 1 1 1 1 1 1 1 1 1 1 1 1 1 1 1 1 1 1 1 1 1 1 1 1 1 1 1 1 1 1 1 3 3 3 3 3 3 3 3 3
2 2 2 3 3 3 3 18 18 18 18 25 25 25 25 31 31 31 31 17 17 17 17 7 7 7 7 2 2 2 2 1 1 1 1 1 1 1 1 0 0 0 0 0 0 0 0 0 0 0 0 1 1 1 1 1 1 1 1 1 1 1 1 1 1 1 1 1 1 1 1 1 1 1 1 1 1 1 1 1 1 1 1 1 1 1 1 3 3 3 3 3 3 3 3 3
2 2 2 3 3 3 3 18 18 18 18 25 25 25 25 31 31 31 31 17 17 17 17 7 7 7 7 2 2 2 2 1 1 1 1 1 1 1 1 0 0 0 0 0 0 0 0 0 0 0 0 1 1 1 1 1 1 1 1 1 1 1 1 1 1 1 1 1 1 1 1 1 1 1 1 1 1 1 1 1 1 1 1 1 1 1 1 3 3 3 3 3 3 3 3 3
2 2 2 3 3 3 3 18 18 18 18 25 25 25 25 31 31 31 31 17 17 17 17 7 7 7 7 2 2 2 2 1 1 1 1 1 1 1 1 0 0 0 0 0 0 0 0 0 0 0 0 1 1 1 1 1 1 1 1 1 1 1 1 1 1 1 1 1 1 1 1 1 1 1 1 1 1 1 1 1 1 1 1 1 1 1 1 3 3 3 3 3 3 3 3 3
