EU_test_data/Lisbon/lisbon_slope.asc
ncols         400
nrows         400
xllcorner     2680750
yllcorner     1902250
cellsize      250
NODATA_value  -9999
[rows 264 to 296 of 400, columns 222 to 295 of 400]
0.265165 0.230489 0.230489 0.230489 0.230489 0.212132 0.212132 0.212132 0.212132 0.174105 0.174105 0.174105 0.174105 0.128695 0.128695 0.128695 0.128695 0.128695 0.128695 0.128695 0.128695 0.106066 0.106066 0.106066 0.106066 0.125 0.125 0.125 0.125 0.201556 0.201556 0.201556 0.201556 0.158114 0.158114 0.158114 0.158114 0.128695 0.128695 0.128695 0.128695 0.0707107 0.0707107 0.0707107 0.0707107 0.0790569 0.0790569 0.0790569 0.0790569 0.151038 0.151038 0.151038 0.151038 0.107529 0.107529 0.107529 0.107529 0.0790569 0.0790569 0.0790569 0.0790569 0.0790569 0.0790569 0.0790569 0.0790569 0.221501 0.221501 0.221501 0.221501 0.167705 0.167705 0.167705 0.167705 0.107529
0.265165 0.230489 0.230489 0.230489 0.230489 0.212132 0.212132 0.212132 0.212132 0.174105 0.174105 0.174105 0.174105 0.128695 0.128695 0.128695 0.128695 0.128695 0.128695 0.128695 0.128695 0.106066 0.106066 0.106066 0.106066 0.125 0.125 0.125 0.125 0.201556 0.201556 0.201556 0.201556 0.158114 0.158114 0.158114 0.158114 0.128695 0.128695 0.128695 0.128695 0.0707107 0.0707107 0.0707107 0.0707107 0.0790569 0.0790569 0.0790569 0.0790569 0.151038 0.151038 0.151038 0.151038 0.107529 0.107529 0.107529 0.107529 0.0790569 0.0790569 0.0790569 0.0790569 0.0790569 0.0790569 0.0790569 0.0790569 0.221501 0.221501 0.221501 0.221501 0.167705 0.167705 0.167705 0.167705 0.107529
0.142522 0.127476 0.127476 0.127476 0.127476 0.265754 0.265754 0.265754 0.265754 0.265754 0.265754 0.265754 0.265754 0.180278 0.180278 0.180278 0.180278 0.142522 0.142522 0.142522 0.142522 0.0559017 0.0559017 0.0559017 0.0559017 0.128695 0.128695 0.128695 0.128695 0.174105 0.174105 0.174105 0.174105 0.194454 0.194454 0.194454 0.194454 0.0901388 0.0901388 0.0901388 0.0901388 0.142522 0.142522 0.142522 0.142522 0.158114 0.158114 0.158114 0.158114 0.145774 0.145774 0.145774 0.145774 0.0901388 0.0901388 0.0901388 0.0901388 0.0353553 0.0353553 0.0353553 0.0353553 0.0176777 0.0176777 0.0176777 0.0176777 0.128695 0.128695 0.128695 0.128695 0.215058 0.215058 0.215058 0.215058 0.218661
0.142522 0.127476 0.127476 0.127476 0.127476 0.265754 0.265754 0.265754 0.265754 0.265754 0.265754 0.265754 0.265754 0.180278 0.180278 0.180278 0.180278 0.142522 0.142522 0.142522 0.142522 0.0559017 0.0559017 0.0559017 0.0559017 0.128695 0.128695 0.128695 0.128695 0.174105 0.174105 0.174105 0.174105 0.194454 0.194454 0.194454 0.194454 0.0901388 0.0901388 0.0901388 0.0901388 0.142522 0.142522 0.142522 0.142522 0.158114 0.158114 0.158114 0.158114 0.145774 0.145774 0.145774 0.145774 0.0901388 0.0901388 0.0901388 0.0901388 0.0353553 0.0353553 0.0353553 0.0353553 0.0176777 0.0176777 0.0176777 0.0176777 0.128695 0.128695 0.128695 0.128695 0.215058 0.215058 0.215058 0.215058 0.218661
0.142522 0.127476 0.127476 0.127476 0.127476 0.265754 0.265754 0.265754 0.265754 0.265754 0.265754 0.265754 0.265754 0.180278 0.180278 0.180278 0.180278 0.142522 0.142522 0.142522 0.142522 0.0559017 0.0559017 0.0559017 0.0559017 0.128695 0.128695 0.128695 0.128695 0.174105 0.174105 0.174105 0.174105 0.194454 0.194454 0.194454 0.194454 0.0901388 0.0901388 0.0901388 0.0901388 0.142522 0.142522 0.142522 0.142522 0.158114 0.158114 0.158114 0.158114 0.145774 0.145774 0.145774 0.145774 0.0901388 0.0901388 0.0901388 0.0901388 0.0353553 0.0353553 0.0353553 0.0353553 0.0176777 0.0176777 0.0176777 0.0176777 0.128695 0.128695 0.128695 0.128695 0.215058 0.215058 0.215058 0.215058 0.218661
0.142522 0.127476 0.127476 0.127476 0.127476 0.265754 0.265754 0.265754 0.265754 0.265754 0.265754 0.265754 0.265754 0.180278 0.180278 0.180278 0.180278 0.142522 0.142522 0.142522 0.142522 0.0559017 0.0559017 0.0559017 0.0559017 0.128695 0.128695 0.128695 0.128695 0.174105 0.174105 0.174105 0.174105 0.194454 0.194454 0.194454 0.194454 0.0901388 0.0901388 0.0901388 0.0901388 0.142522 0.142522 0.142522 0.142522 0.158114 0.158114 0.158114 0.158114 0.145774 0.145774 0.145774 0.145774 0.0901388 0.0901388 0.0901388 0.0901388 0.0353553 0.0353553 0.0353553 0.0353553 0.0176777 0.0176777 0.0176777 0.0176777 0.128695 0.128695 0.128695 0.128695 0.215058 0.215058 0.215058 0.215058 0.218661
0.215784 0.275 0.275 0.275 0.275 0.320156 0.320156 0.320156 0.320156 0.33541 0.33541 0.33541 0.33541 0.221501 0.221501 0.221501 0.221501 0.141421 0.141421 0.141421 0.141421 0.15 0.15 0.15 0.15 0.145774 0.145774 0.145774 0.145774 0.107529 0.107529 0.107529 0.107529 0.18456 0.18456 0.18456 0.18456 0.075 0.075 0.075 0.075 0.174105 0.174105 0.174105 0.174105 0.141421 0.141421 0.141421 0.141421 0.1 0.1 0.1 0.1 0.0395285 0.0395285 0.0395285 0.0395285 0.025 0.025 0.025 0.025 0.0395285 0.0395285 0.0395285 0.0395285 0.107529 0.107529 0.107529 0.107529 0.107529 0.107529 0.107529 0.107529 0.151038
0.215784 0.275 0.275 0.275 0.275 0.320156 0.320156 0.320156 0.320156 0.33541 0.33541 0.33541 0.33541 0.221501 0.221501 0.221501 0.221501 0.141421 0.141421 0.141421 0.141421 0.15 0.15 0.15 0.15 0.145774 0.145774 0.145774 0.145774 0.107529 0.107529 0.107529 0.107529 0.18456 0.18456 0.18456 0.18456 0.075 0.075 0.075 0.075 0.174105 0.174105 0.174105 0.174105 0.141421 0.141421 0.141421 0.141421 0.1 0.1 0.1 0.1 0.0395285 0.0395285 0.0395285 0.0395285 0.025 0.025 0.025 0.025 0.0395285 0.0395285 0.0395285 0.0395285 0.107529 0.107529 0.107529 0.107529 0.107529 0.107529 0.107529 0.107529 0.151038
0.215784 0.275 0.275 0.275 0.275 0.320156 0.320156 0.320156 0.320156 0.33541 0.33541 0.33541 0.33541 0.221501 0.221501 0.221501 0.221501 0.141421 0.141421 0.141421 0.141421 0.15 0.15 0.15 0.15 0.145774 0.145774 0.145774 0.145774 0.107529 0.107529 0.107529 0.107529 0.18456 0.18456 0.18456 0.18456 0.075 0.075 0.075 0.075 0.174105 0.174105 0.174105 0.174105 0.141421 0.141421 0.141421 0.141421 0.1 0.1 0.1 0.1 0.0395285 0.0395285 0.0395285 0.0395285 0.025 0.025 0.025 0.025 0.0395285 0.0395285 0.0395285 0.0395285 0.107529 0.107529 0.107529 0.107529 0.107529 0.107529 0.107529 0.107529 0.151038
0.215784 0.275 0.275 0.275 0.275 0.320156 0.320156 0.320156 0.320156 0.33541 0.33541 0.33541 0.33541 0.221501 0.221501 0.221501 0.221501 0.141421 0.141421 0.141421 0.141421 0.15 0.15 0.15 0.15 0.145774 0.145774 0.145774 0.145774 0.107529 0.107529 0.107529 0.107529 0.18456 0.18456 0.18456 0.18456 0.075 0.075 0.075 0.075 0.174105 0.174105 0.174105 0.174105 0.141421 0.141421 0.141421 0.141421 0.1 0.1 0.1 0.1 0.0395285 0.0395285 0.0395285 0.0395285 0.025 0.025 0.025 0.025 0.0395285 0.0395285 0.0395285 0.0395285 0.107529 0.107529 0.107529 0.107529 0.107529 0.107529 0.107529 0.107529 0.151038
0.625 0.713486 0.713486 0.713486 0.713486 0.636642 0.636642 0.636642 0.636642 0.490217 0.490217 0.490217 0.490217 0.237171 0.237171 0.237171 0.237171 0.0901388 0.0901388 0.0901388 0.0901388 0.0559017 0.0559017 0.0559017 0.0559017 0.0395285 0.0395285 0.0395285 0.0395285 0.0559017 0.0559017 0.0559017 0.0559017 0.141421 0.141421 0.141421 0.141421 0.134629 0.134629 0.134629 0.134629 0.0883884 0.0883884 0.0883884 0.0883884 0.142522 0.142522 0.142522 0.142522 0.053033 0.053033 0.053033 0.053033 0.0395285 0.0395285 0.0395285 0.0395285 0.0559017 0.0559017 0.0559017 0.0559017 0.118585 0.118585 0.118585 0.118585 0.232513 0.232513 0.232513 0.232513 0.237171 0.237171 0.237171 0.237171 0.182003
0.625 0.713486 0.713486 0.713486 0.713486 0.636642 0.636642 0.636642 0.636642 0.490217 0.490217 0.490217 0.490217 0.237171 0.237171 0.237171 0.237171 0.0901388 0.0901388 0.0901388 0.0901388 0.0559017 0.0559017 0.0559017 0.0559017 0.0395285 0.0395285 0.0395285 0.0395285 0.0559017 0.0559017 0.0559017 0.0559017 0.141421 0.141421 0.141421 0.141421 0.134629 0.134629 0.134629 0.134629 0.0883884 0.0883884 0.0883884 0.0883884 0.142522 0.142522 0.142522 0.142522 0.053033 0.053033 0.053033 0.053033 0.0395285 0.0395285 0.0395285 0.0395285 0.0559017 0.0559017 0.0559017 0.0559017 0.118585 0.118585 0.118585 0.118585 0.232513 0.232513 0.232513 0.232513 0.237171 0.237171 0.237171 0.237171 0.182003
0.625 0.713486 0.713486 0.713486 0.713486 0.636642 0.636642 0.636642 0.636642 0.490217 0.490217 0.490217 0.490217 0.237171 0.237171 0.237171 0.237171 0.0901388 0.0901388 0.0901388 0.0901388 0.0559017 0.0559017 0.0559017 0.0559017 0.0395285 0.0395285 0.0395285 0.0395285 0.0559017 0.0559017 0.0559017 0.0559017 0.141421 0.141421 0.141421 0.141421 0.134629 0.134629 0.134629 0.134629 0.0883884 0.0883884 0.0883884 0.0883884 0.142522 0.142522 0.142522 0.142522 0.053033 0.053033 0.053033 0.053033 0.0395285 0.0395285 0.0395285 0.0395285 0.0559017 0.0559017 0.0559017 0.0559017 0.118585 0.118585 0.118585 0.118585 0.232513 0.232513 0.232513 0.232513 0.237171 0.237171 0.237171 0.237171 0.182003
0.625 0.713486 0.713486 0.713486 0.713486 0.636642 0.636642 0.636642 0.636642 0.490217 0.490217 0.490217 0.490217 0.237171 0.237171 0.237171 0.237171 0.0901388 0.0901388 0.0901388 0.0901388 0.0559017 0.0559017 0.0559017 0.0559017 0.0395285 0.0395285 0.0395285 0.0395285 0.0559017 0.0559017 0.0559017 0.0559017 0.141421 0.141421 0.141421 0.141421 0.134629 0.134629 0.134629 0.134629 0.0883884 0.0883884 0.0883884 0.0883884 0.142522 0.142522 0.142522 0.142522 0.053033 0.053033 0.053033 0.053033 0.0395285 0.0395285 0.0395285 0.0395285 0.0559017 0.0559017 0.0559017 0.0559017 0.118585 0.118585 0.118585 0.118585 0.232513 0.232513 0.232513 0.232513 0.237171 0.237171 0.237171 0.237171 0.182003
1.31256 1.22091 1.22091 1.22091 1.22091 1.21256 1.21256 1.21256 1.21256 0.745193 0.745193 0.745193 0.745193 0.292617 0.292617 0.292617 0.292617 0.127476 0.127476 0.127476 0.127476 0.180278 0.180278 0.180278 0.180278 0.174105 0.174105 0.174105 0.174105 0.0707107 0.0707107 0.0707107 0.0707107 0.075 0.075 0.075 0.075 0.151038 0.151038 0.151038 0.151038 0.118585 0.118585 0.118585 0.118585 0.0901388 0.0901388 0.0901388 0.0901388 0.103078 0.103078 0.103078 0.103078 0.0559017 0.0559017 0.0559017 0.0559017 0.106066 0.106066 0.106066 0.106066 0.118585 0.118585 0.118585 0.118585 0.237829 0.237829 0.237829 0.237829 0.125 0.125 0.125 0.125 0.0637377
1.31256 1.22091 1.22091 1.22091 1.22091 1.21256 1.21256 1.21256 1.21256 0.745193 0.745193 0.745193 0.745193 0.292617 0.292617 0.292617 0.292617 0.127476 0.127476 0.127476 0.127476 0.180278 0.180278 0.180278 0.180278 0.174105 0.174105 0.174105 0.174105 0.0707107 0.0707107 0.0707107 0.0707107 0.075 0.075 0.075 0.075 0.151038 0.151038 0.151038 0.151038 0.118585 0.118585 0.118585 0.118585 0.0901388 0.0901388 0.0901388 0.0901388 0.103078 0.103078 0.103078 0.103078 0.0559017 0.0559017 0.0559017 0.0559017 0.106066 0.106066 0.106066 0.106066 0.118585 0.118585 0.118585 0.118585 0.237829 0.237829 0.237829 0.237829 0.125 0.125 0.125 0.125 0.0637377
1.31256 1.22091 1.22091 1.22091 1.22091 1.21256 1.21256 1.21256 1.21256 0.745193 0.745193 0.745193 0.745193 0.292617 0.292617 0.292617 0.292617 0.127476 0.127476 0.127476 0.127476 0.180278 0.180278 0.180278 0.180278 0.174105 0.174105 0.174105 0.174105 0.0707107 0.0707107 0.0707107 0.0707107 0.075 0.075 0.075 0.075 0.151038 0.151038 0.151038 0.151038 0.118585 0.118585 0.118585 0.118585 0.0901388 0.0901388 0.0901388 0.0901388 0.103078 0.103078 0.103078 0.103078 0.0559017 0.0559017 0.0559017 0.0559017 0.106066 0.106066 0.106066 0.106066 0.118585 0.118585 0.118585 0.118585 0.237829 0.237829 0.237829 0.237829 0.125 0.125 0.125 0.125 0.0637377
1.31256 1.22091 1.22091 1.22091 1.22091 1.21256 1.21256 1.21256 1.21256 0.745193 0.745193 0.745193 0.745193 0.292617 0.292617 0.292617 0.292617 0.127476 0.127476 0.127476 0.127476 0.180278 0.180278 0.180278 0.180278 0.174105 0.174105 0.174105 0.174105 0.0707107 0.0707107 0.0707107 0.0707107 0.075 0.075 0.075 0.075 0.151038 0.151038 0.151038 0.151038 0.118585 0.118585 0.118585 0.118585 0.0901388 0.0901388 0.0901388 0.0901388 0.103078 0.103078 0.103078 0.103078 0.0559017 0.0559017 0.0559017 0.0559017 0.106066 0.106066 0.106066 0.106066 0.118585 0.118585 0.118585 0.118585 0.237829 0.237829 0.237829 0.237829 0.125 0.125 0.125 0.125 0.0637377
0.603376 0.546008 0.546008 0.546008 0.546008 1.35208 1.35208 1.35208 1.35208 0.809707 0.809707 0.809707 0.809707 0.340037 0.340037 0.340037 0.340037 0.240442 0.240442 0.240442 0.240442 0.212867 0.212867 0.212867 0.212867 0.18456 0.18456 0.18456 0.18456 0.212867 0.212867 0.212867 0.212867 0.141421 0.141421 0.141421 0.141421 0.0176777 0.0176777 0.0176777 0.0176777 0.111803 0.111803 0.111803 0.111803 0.0883884 0.0883884 0.0883884 0.0883884 0.0395285 0.0395285 0.0395285 0.0395285 0.0901388 0.0901388 0.0901388 0.0901388 0.05 0.05 0.05 0.05 0.111803 0.111803 0.111803 0.111803 0.191213 0.191213 0.191213 0.191213 0.15 0.15 0.15 0.15 0.05
0.603376 0.546008 0.546008 0.546008 0.546008 1.35208 1.35208 1.35208 1.35208 0.809707 0.809707 0.809707 0.809707 0.340037 0.340037 0.340037 0.340037 0.240442 0.240442 0.240442 0.240442 0.212867 0.212867 0.212867 0.212867 0.18456 0.18456 0.18456 0.18456 0.212867 0.212867 0.212867 0.212867 0.141421 0.141421 0.141421 0.141421 0.0176777 0.0176777 0.0176777 0.0176777 0.111803 0.111803 0.111803 0.111803 0.0883884 0.0883884 0.0883884 0.0883884 0.0395285 0.0395285 0.0395285 0.0395285 0.0901388 0.0901388 0.0901388 0.0901388 0.05 0.05 0.05 0.05 0.111803 0.111803 0.111803 0.111803 0.191213 0.191213 0.191213 0.191213 0.15 0.15 0.15 0.15 0.05
0.603376 0.546008 0.546008 0.546008 0.546008 1.35208 1.35208 1.35208 1.35208 0.809707 0.809707 0.809707 0.809707 0.340037 0.340037 0.340037 0.340037 0.240442 0.240442 0.240442 0.240442 0.212867 0.212867 0.212867 0.212867 0.18456 0.18456 0.18456 0.18456 0.212867 0.212867 0.212867 0.212867 0.141421 0.141421 0.141421 0.141421 0.0176777 0.0176777 0.0176777 0.0176777 0.111803 0.111803 0.111803 0.111803 0.0883884 0.0883884 0.0883884 0.0883884 0.0395285 0.0395285 0.0395285 0.0395285 0.0901388 0.0901388 0.0901388 0.0901388 0.05 0.05 0.05 0.05 0.111803 0.111803 0.111803 0.111803 0.191213 0.191213 0.191213 0.191213 0.15 0.15 0.15 0.15 0.05
0.603376 0.546008 0.546008 0.546008 0.546008 1.35208 1.35208 1.35208 1.35208 0.809707 0.809707 0.809707 0.809707 0.340037 0.340037 0.340037 0.340037 0.240442 0.240442 0.240442 0.240442 0.212867 0.212867 0.212867 0.212867 0.18456 0.18456 0.18456 0.18456 0.212867 0.212867 0.212867 0.212867 0.141421 0.141421 0.141421 0.141421 0.0176777 0.0176777 0.0176777 0.0176777 0.111803 0.111803 0.111803 0.111803 0.0883884 0.0883884 0.0883884 0.0883884 0.0395285 0.0395285 0.0395285 0.0395285 0.0901388 0.0901388 0.0901388 0.0901388 0.05 0.05 0.05 0.05 0.111803 0.111803 0.111803 0.111803 0.191213 0.191213 0.191213 0.191213 0.15 0.15 0.15 0.15 0.05
0.704006 1.30779 1.30779 1.30779 1.30779 1.43003 1.43003 1.43003 1.43003 0.669188 0.669188 0.669188 0.669188 0.341413 0.341413 0.341413 0.341413 0.257391 0.257391 0.257391 0.257391 0.197642 0.197642 0.197642 0.197642 0.134629 0.134629 0.134629 0.134629 0.212867 0.212867 0.212867 0.212867 0.230489 0.230489 0.230489 0.230489 0.190394 0.190394 0.190394 0.190394 0.138067 0.138067 0.138067 0.138067 0.0559017 0.0559017 0.0559017 0.0559017 0.075 0.075 0.075 0.075 0.106066 0.106066 0.106066 0.106066 0.0559017 0.0559017 0.0559017 0.0559017 0.0395285 0.0395285 0.0395285 0.0395285 0.160078 0.160078 0.160078 0.160078 0.201556 0.201556 0.201556 0.201556 0.230489
0.704006 1.30779 1.30779 1.30779 1.30779 1.43003 1.43003 1.43003 1.43003 0.669188 0.669188 0.669188 0.669188 0.341413 0.341413 0.341413 0.341413 0.257391 0.257391 0.257391 0.257391 0.197642 0.197642 0.197642 0.197642 0.134629 0.134629 0.134629 0.134629 0.212867 0.212867 0.212867 0.212867 0.230489 0.230489 0.230489 0.230489 0.190394 0.190394 0.190394 0.190394 0.138067 0.138067 0.138067 0.138067 0.0559017 0.0559017 0.0559017 0.0559017 0.075 0.075 0.075 0.075 0.106066 0.106066 0.106066 0.106066 0.0559017 0.0559017 0.0559017 0.0559017 0.0395285 0.0395285 0.0395285 0.0395285 0.160078 0.160078 0.160078 0.160078 0.201556 0.201556 0.201556 0.201556 0.230489
0.704006 1.30779 1.30779 1.30779 1.30779 1.43003 1.43003 1.43003 1.43003 0.669188 0.669188 0.669188 0.669188 0.341413 0.341413 0.341413 0.341413 0.257391 0.257391 0.257391 0.257391 0.197642 0.197642 0.197642 0.197642 0.134629 0.134629 0.134629 0.134629 0.212867 0.212867 0.212867 0.212867 0.230489 0.230489 0.230489 0.230489 0.190394 0.190394 0.190394 0.190394 0.138067 0.138067 0.138067 0.138067 0.0559017 0.0559017 0.0559017 0.0559017 0.075 0.075 0.075 0.075 0.106066 0.106066 0.106066 0.106066 0.0559017 0.0559017 0.0559017 0.0559017 0.0395285 0.0395285 0.0395285 0.0395285 0.160078 0.160078 0.160078 0.160078 0.201556 0.201556 0.201556 0.201556 0.230489
0.704006 1.30779 1.30779 1.30779 1.30779 1.43003 1.43003 1.43003 1.43003 0.669188 0.669188 0.669188 0.669188 0.341413 0.341413 0.341413 0.341413 0.257391 0.257391 0.257391 0.257391 0.197642 0.197642 0.197642 0.197642 0.134629 0.134629 0.134629 0.134629 0.212867 0.212867 0.212867 0.212867 0.230489 0.230489 0.230489 0.230489 0.190394 0.190394 0.190394 0.190394 0.138067 0.138067 0.138067 0.138067 0.0559017 0.0559017 0.0559017 0.0559017 0.075 0.075 0.075 0.075 0.106066 0.106066 0.106066 0.106066 0.0559017 0.0559017 0.0559017 0.0559017 0.0395285 0.0395285 0.0395285 0.0395285 0.160078 0.160078 0.160078 0.160078 0.201556 0.201556 0.201556 0.201556 0.230489
1.50426 1.24424 1.24424 1.24424 1.24424 0.79628 0.79628 0.79628 0.79628 0.32596 0.32596 0.32596 0.32596 0.316228 0.316228 0.316228 0.316228 0.2136 0.2136 0.2136 0.2136 0.158114 0.158114 0.158114 0.158114 0.0637377 0.0637377 0.0637377 0.0637377 0.151038 0.151038 0.151038 0.151038 0.141421 0.141421 0.141421 0.141421 0.191213 0.191213 0.191213 0.191213 0.195256 0.195256 0.195256 0.195256 0.212867 0.212867 0.212867 0.212867 0.118585 0.118585 0.118585 0.118585 0.0637377 0.0637377 0.0637377 0.0637377 0.0559017 0.0559017 0.0559017 0.0559017 0.111803 0.111803 0.111803 0.111803 0.151038 0.151038 0.151038 0.151038 0.212867 0.212867 0.212867 0.212867 0.22981
1.50426 1.24424 1.24424 1.24424 1.24424 0.79628 0.79628 0.79628 0.79628 0.32596 0.32596 0.32596 0.32596 0.316228 0.316228 0.316228 0.316228 0.2136 0.2136 0.2136 0.2136 0.158114 0.158114 0.158114 0.158114 0.0637377 0.0637377 0.0637377 0.0637377 0.151038 0.151038 0.151038 0.151038 0.141421 0.141421 0.141421 0.141421 0.191213 0.191213 0.191213 0.191213 0.195256 0.195256 0.195256 0.195256 0.212867 0.212867 0.212867 0.212867 0.118585 0.118585 0.118585 0.118585 0.0637377 0.0637377 0.0637377 0.0637377 0.0559017 0.0559017 0.0559017 0.0559017 0.111803 0.111803 0.111803 0.111803 0.151038 0.151038 0.151038 0.151038 0.212867 0.212867 0.212867 0.212867 0.22981
1.50426 1.24424 1.24424 1.24424 1.24424 0.79628 0.79628 0.79628 0.79628 0.32596 0.32596 0.32596 0.32596 0.316228 0.316228 0.316228 0.316228 0.2136 0.2136 0.2136 0.2136 0.158114 0.158114 0.158114 0.158114 0.0637377 0.0637377 0.0637377 0.0637377 0.151038 0.151038 0.151038 0.151038 0.141421 0.141421 0.141421 0.141421 0.191213 0.191213 0.191213 0.191213 0.195256 0.195256 0.195256 0.195256 0.212867 0.212867 0.212867 0.212867 0.118585 0.118585 0.118585 0.118585 0.0637377 0.0637377 0.0637377 0.0637377 0.0559017 0.0559017 0.0559017 0.0559017 0.111803 0.111803 0.111803 0.111803 0.151038 0.151038 0.151038 0.151038 0.212867 0.212867 0.212867 0.212867 0.22981
1.50426 1.24424 1.24424 1.24424 1.24424 0.79628 0.79628 0.79628 0.79628 0.32596 0.32596 0.32596 0.32596 0.316228 0.316228 0.316228 0.316228 0.2136 0.2136 0.2136 0.2136 0.158114 0.158114 0.158114 0.158114 0.0637377 0.0637377 0.0637377 0.0637377 0.151038 0.151038 0.151038 0.151038 0.141421 0.141421 0.141421 0.141421 0.191213 0.191213 0.191213 0.191213 0.195256 0.195256 0.195256 0.195256 0.212867 0.212867 0.212867 0.212867 0.118585 0.118585 0.118585 0.118585 0.0637377 0.0637377 0.0637377 0.0637377 0.0559017 0.0559017 0.0559017 0.0559017 0.111803 0.111803 0.111803 0.111803 0.151038 0.151038 0.151038 0.151038 0.212867 0.212867 0.212867 0.212867 0.22981
1.21771 0.588696 0.588696 0.588696 0.588696 0.158114 0.158114 0.158114 0.158114 0.212867 0.212867 0.212867 0.212867 0.314742 0.314742 0.314742 0.314742 0.2136 0.2136 0.2136 0.2136 0.215058 0.215058 0.215058 0.215058 0.15 0.15 0.15 0.15 0.215058 0.215058 0.215058 0.215058 0.107529 0.107529 0.107529 0.107529 0.0559017 0.0559017 0.0559017 0.0559017 0.225 0.225 0.225 0.225 0.262797 0.262797 0.262797 0.262797 0.0790569 0.0790569 0.0790569 0.0790569 0.177658 0.177658 0.177658 0.177658 0.190394 0.190394 0.190394 0.190394 0.138067 0.138067 0.138067 0.138067 0.113192 0.113192 0.113192 0.113192 0.1 0.1 0.1 0.1 0.141421
1.21771 0.588696 0.588696 0.588696 0.588696 0.158114 0.158114 0.158114 0.158114 0.212867 0.212867 0.212867 0.212867 0.314742 0.314742 0.314742 0.314742 0.2136 0.2136 0.2136 0.2136 0.215058 0.215058 0.215058 0.215058 0.15 0.15 0.15 0.15 0.215058 0.215058 0.215058 0.215058 0.107529 0.107529 0.107529 0.107529 0.0559017 0.0559017 0.0559017 0.0559017 0.225 0.225 0.225 0.225 0.262797 0.262797 0.262797 0.262797 0.0790569 0.0790569 0.0790569 0.0790569 0.177658 0.177658 0.177658 0.177658 0.190394 0.190394 0.190394 0.190394 0.138067 0.138067 0.138067 0.138067 0.113192 0.113192 0.113192 0.113192 0.1 0.1 0.1 0.1 0.141421
1.21771 0.588696 0.588696 0.588696 0.588696 0.158114 0.158114 0.158114 0.158114 0.212867 0.212867 0.212867 0.212867 0.314742 0.314742 0.314742 0.314742 0.2136 0.2136 0.2136 0.2136 0.215058 0.215058 0.215058 0.215058 0.15 0.15 0.15 0.15 0.215058 0.215058 0.215058 0.215058 0.107529 0.107529 0.107529 0.107529 0.0559017 0.0559017 0.0559017 0.0559017 0.225 0.225 0.225 0.225 0.262797 0.262797 0.262797 0.262797 0.0790569 0.0790569 0.0790569 0.0790569 0.177658 0.177658 0.177658 0.177658 0.190394 0.190394 0.190394 0.190394 0.138067 0.138067 0.138067 0.138067 0.113192 0.113192 0.113192 0.113192 0.1 0.1 0.1 0.1 0.141421
