EU_test_data/Lisbon/lisbon_slope.asc
ncols         400
nrows         400
xllcorner     2680750
yllcorner     1902250
cellsize      250
NODATA_value  -9999
[rows 297 to 329 of 400, columns 148 to 221 of 400]
0.90312 0.90312 0.90312 0.770755 0.770755 0.770755 0.770755 0.843356 0.843356 0.843356 0.843356 0.733357 0.733357 0.733357 0.733357 0.853302 0.853302 0.853302 0.853302 1.1165 1.1165 1.1165 1.1165 1.53755 1.53755 1.53755 1.53755 1.11383 1.11383 1.11383 1.11383 0.443354 0.443354 0.443354 0.443354 0.648315 0.648315 0.648315 0.648315 1.67752 1.67752 1.67752 1.67752 1.57807 1.57807 1.57807 1.57807 1.85691 1.85691 1.85691 1.85691 2.54583 2.54583 2.54583 2.54583 1.66433 1.66433 1.66433 1.66433 1.87392 1.87392 1.87392 1.87392 2.60414 2.60414 2.60414 2.60414 1.91254 1.91254 1.91254 1.91254 1.21771 1.21771 1.21771
0.83085 0.83085 0.83085 0.844282 0.844282 0.844282 0.844282 0.66191 0.66191 0.66191 0.66191 0.655982 0.655982 0.655982 0.655982 0.437321 0.437321 0.437321 0.437321 0.375 0.375 0.375 0.375 0.894602 0.894602 0.894602 0.894602 0.838525 0.838525 0.838525 0.838525 1.29482 1.29482 1.29482 1.29482 1.32004 1.32004 1.32004 1.32004 1.34281 1.34281 1.34281 1.34281 0.788392 0.788392 0.788392 0.788392 0.80039 0.80039 0.80039 0.80039 2.43137 2.43137 2.43137 2.43137 3.00442 3.00442 3.00442 3.00442 2.40338 2.40338 2.40338 2.40338 2.11135 2.11135 2.11135 2.11135 1.08065 1.08065 1.08065 1.08065 0.35 0.35 0.35
0.83085 0.83085 0.83085 0.844282 0.844282 0.844282 0.844282 0.66191 0.66191 0.66191 0.66191 0.655982 0.655982 0.655982 0.655982 0.437321 0.437321 0.437321 0.437321 0.375 0.375 0.375 0.375 0.894602 0.894602 0.894602 0.894602 0.838525 0.838525 0.838525 0.838525 1.29482 1.29482 1.29482 1.29482 1.32004 1.32004 1.32004 1.32004 1.34281 1.34281 1.34281 1.34281 0.788392 0.788392 0.788392 0.788392 0.80039 0.80039 0.80039 0.80039 2.43137 2.43137 2.43137 2.43137 3.00442 3.00442 3.00442 3.00442 2.40338 2.40338 2.40338 2.40338 2.11135 2.11135 2.11135 2.11135 1.08065 1.08065 1.08065 1.08065 0.35 0.35 0.35
0.83085 0.83085 0.83085 0.844282 0.844282 0.844282 0.844282 0.66191 0.66191 0.66191 0.66191 0.655982 0.655982 0.655982 0.655982 0.437321 0.437321 0.437321 0.437321 0.375 0.375 0.375 0.375 0.894602 0.894602 0.894602 0.894602 0.838525 0.838525 0.838525 0.838525 1.29482 1.29482 1.29482 1.29482 1.32004 1.32004 1.32004 1.32004 1.34281 1.34281 1.34281 1.34281 0.788392 0.788392 0.788392 0.788392 0.80039 0.80039 0.80039 0.80039 2.43137 2.43137 2.43137 2.43137 3.00442 3.00442 3.00442 3.00442 2.40338 2.40338 2.40338 2.40338 2.11135 2.11135 2.11135 2.11135 1.08065 1.08065 1.08065 1.08065 0.35 0.35 0.35
0.83085 0.83085 0.83085 0.844282 0.844282 0.844282 0.844282 0.66191 0.66191 0.66191 0.66191 0.655982 0.655982 0.655982 0.655982 0.437321 0.437321 0.437321 0.437321 0.375 0.375 0.375 0.375 0.894602 0.894602 0.894602 0.894602 0.838525 0.838525 0.838525 0.838525 1.29482 1.29482 1.29482 1.29482 1.32004 1.32004 1.32004 1.32004 1.34281 1.34281 1.34281 1.34281 0.788392 0.788392 0.788392 0.788392 0.80039 0.80039 0.80039 0.80039 2.43137 2.43137 2.43137 2.43137 3.00442 3.00442 3.00442 3.00442 2.40338 2.40338 2.40338 2.40338 2.11135 2.11135 2.11135 2.11135 1.08065 1.08065 1.08065 1.08065 0.35 0.35 0.35
1.05074 1.05074 1.05074 0.485412 0.485412 0.485412 0.485412 0.475657 0.475657 0.475657 0.475657 0.538807 0.538807 0.538807 0.538807 0.531801 0.531801 0.531801 0.531801 0.601301 0.601301 0.601301 0.601301 1.20208 1.20208 1.20208 1.20208 1.73142 1.73142 1.73142 1.73142 2.46196 2.46196 2.46196 2.46196 3.0052 3.0052 3.0052 3.0052 3.55726 3.55726 3.55726 3.55726 3.42842 3.42842 3.42842 3.42842 2.00258 2.00258 2.00258 2.00258 0.305164 0.305164 0.305164 0.305164 1.40635 1.40635 1.40635 1.40635 1.16793 1.16793 1.16793 1.16793 1.28282 1.28282 1.28282 1.28282 0.857504 0.857504 0.857504 0.857504 0.30052 0.30052 0.30052
1.05074 1.05074 1.05074 0.485412 0.485412 0.485412 0.485412 0.475657 0.475657 0.475657 0.475657 0.538807 0.538807 0.538807 0.538807 0.531801 0.531801 0.531801 0.531801 0.601301 0.601301 0.601301 0.601301 1.20208 1.20208 1.20208 1.20208 1.73142 1.73142 1.73142 1.73142 2.46196 2.46196 2.46196 2.46196 3.0052 3.0052 3.0052 3.0052 3.55726 3.55726 3.55726 3.55726 3.42842 3.42842 3.42842 3.42842 2.00258 2.00258 2.00258 2.00258 0.305164 0.305164 0.305164 0.305164 1.40635 1.40635 1.40635 1.40635 1.16793 1.16793 1.16793 1.16793 1.28282 1.28282 1.28282 1.28282 0.857504 0.857504 0.857504 0.857504 0.30052 0.30052 0.30052
1.05074 1.05074 1.05074 0.485412 0.485412 0.485412 0.485412 0.475657 0.475657 0.475657 0.475657 0.538807 0.538807 0.538807 0.538807 0.531801 0.531801 0.531801 0.531801 0.601301 0.601301 0.601301 0.601301 1.20208 1.20208 1.20208 1.20208 1.73142 1.73142 1.73142 1.73142 2.46196 2.46196 2.46196 2.46196 3.0052 3.0052 3.0052 3.0052 3.55726 3.55726 3.55726 3.55726 3.42842 3.42842 3.42842 3.42842 2.00258 2.00258 2.00258 2.00258 0.305164 0.305164 0.305164 0.305164 1.40635 1.40635 1.40635 1.40635 1.16793 1.16793 1.16793 1.16793 1.28282 1.28282 1.28282 1.28282 0.857504 0.857504 0.857504 0.857504 0.30052 0.30052 0.30052
1.05074 1.05074 1.05074 0.485412 0.485412 0.485412 0.485412 0.475657 0.475657 0.475657 0.475657 0.538807 0.538807 0.538807 0.538807 0.531801 0.531801 0.531801 0.531801 0.601301 0.601301 0.601301 0.601301 1.20208 1.20208 1.20208 1.20208 1.73142 1.73142 1.73142 1.73142 2.46196 2.46196 2.46196 2.46196 3.0052 3.0052 3.0052 3.0052 3.55726 3.55726 3.55726 3.55726 3.42842 3.42842 3.42842 3.42842 2.00258 2.00258 2.00258 2.00258 0.305164 0.305164 0.305164 0.305164 1.40635 1.40635 1.40635 1.40635 1.16793 1.16793 1.16793 1.16793 1.28282 1.28282 1.28282 1.28282 0.857504 0.857504 0.857504 0.857504 0.30052 0.30052 0.30052
1.50426 1.50426 1.50426 1.14017 1.14017 1.14017 1.14017 0.824053 0.824053 0.824053 0.824053 0.613647 0.613647 0.613647 0.613647 1.86581 1.86581 1.86581 1.86581 2.65312 2.65312 2.65312 2.65312 3.27309 3.27309 3.27309 3.27309 3.31252 3.31252 3.31252 3.31252 2.78977 2.78977 2.78977 2.78977 1.93851 1.93851 1.93851 1.93851 1.29156 1.29156 1.29156 1.29156 2.20582 2.20582 2.20582 2.20582 3.21811 3.21811 3.21811 3.21811 2.28542 2.28542 2.28542 2.28542 0.508982 0.508982 0.508982 0.508982 1.33381 1.33381 1.33381 1.33381 1.25225 1.25225 1.25225 1.25225 0.660019 0.660019 0.660019 0.660019 0.48283 0.48283 0.48283
1.50426 1.50426 1.50426 1.14017 1.14017 1.14017 1.14017 0.824053 0.824053 0.824053 0.824053 0.613647 0.613647 0.613647 0.613647 1.86581 1.86581 1.86581 1.86581 2.65312 2.65312 2.65312 2.65312 3.27309 3.27309 3.27309 3.27309 3.31252 3.31252 3.31252 3.31252 2.78977 2.78977 2.78977 2.78977 1.93851 1.93851 1.93851 1.93851 1.29156 1.29156 1.29156 1.29156 2.20582 2.20582 2.20582 2.20582 3.21811 3.21811 3.21811 3.21811 2.28542 2.28542 2.28542 2.28542 0.508982 0.508982 0.508982 0.508982 1.33381 1.33381 1.33381 1.33381 1.25225 1.25225 1.25225 1.25225 0.660019 0.660019 0.660019 0.660019 0.48283 0.48283 0.48283
1.50426 1.50426 1.50426 1.14017 1.14017 1.14017 1.14017 0.824053 0.824053 0.824053 0.824053 0.613647 0.613647 0.613647 0.613647 1.86581 1.86581 1.86581 1.86581 2.65312 2.65312 2.65312 2.65312 3.27309 3.27309 3.27309 3.27309 3.31252 3.31252 3.31252 3.31252 2.78977 2.78977 2.78977 2.78977 1.93851 1.93851 1.93851 1.93851 1.29156 1.29156 1.29156 1.29156 2.20582 2.20582 2.20582 2.20582 3.21811 3.21811 3.21811 3.21811 2.28542 2.28542 2.28542 2.28542 0.508982 0.508982 0.508982 0.508982 1.33381 1.33381 1.33381 1.33381 1.25225 1.25225 1.25225 1.25225 0.660019 0.660019 0.660019 0.660019 0.48283 0.48283 0.48283
1.50426 1.50426 1.50426 1.14017 1.14017 1.14017 1.14017 0.824053 0.824053 0.824053 0.824053 0.613647 0.613647 0.613647 0.613647 1.86581 1.86581 1.86581 1.86581 2.65312 2.65312 2.65312 2.65312 3.27309 3.27309 3.27309 3.27309 3.31252 3.31252 3.31252 3.31252 2.78977 2.78977 2.78977 2.78977 1.93851 1.93851 1.93851 1.93851 1.29156 1.29156 1.29156 1.29156 2.20582 2.20582 2.20582 2.20582 3.21811 3.21811 3.21811 3.21811 2.28542 2.28542 2.28542 2.28542 0.508982 0.508982 0.508982 0.508982 1.33381 1.33381 1.33381 1.33381 1.25225 1.25225 1.25225 1.25225 0.660019 0.660019 0.660019 0.660019 0.48283 0.48283 0.48283
1.31731 1.31731 1.31731 2.36286 2.36286 2.36286 2.36286 2.24235 2.24235 2.24235 2.24235 1.95871 1.95871 1.95871 1.95871 2.32009 2.32009 2.32009 2.32009 2.553 2.553 2.553 2.553 1.60556 1.60556 1.60556 1.60556 1.01242 1.01242 1.01242 1.01242 3.83182 3.83182 3.83182 3.83182 4.68071 4.68071 4.68071 4.68071 4.60977 4.60977 4.60977 4.60977 3.57408 3.57408 3.57408 3.57408 2.08716 2.08716 2.08716 2.08716 2.65953 2.65953 2.65953 2.65953 1.00281 1.00281 1.00281 1.00281 0.304138 0.304138 0.304138 0.304138 0.355756 0.355756 0.355756 0.355756 0.206912 0.206912 0.206912 0.206912 0.48894 0.48894 0.48894
1.31731 1.31731 1.31731 2.36286 2.36286 2.36286 2.36286 2.24235 2.24235 2.24235 2.24235 1.95871 1.95871 1.95871 1.95871 2.32009 2.32009 2.32009 2.32009 2.553 2.553 2.553 2.553 1.60556 1.60556 1.60556 1.60556 1.01242 1.01242 1.01242 1.01242 3.83182 3.83182 3.83182 3.83182 4.68071 4.68071 4.68071 4.68071 4.60977 4.60977 4.60977 4.60977 3.57408 3.57408 3.57408 3.57408 2.08716 2.08716 2.08716 2.08716 2.65953 2.65953 2.65953 2.65953 1.00281 1.00281 1.00281 1.00281 0.304138 0.304138 0.304138 0.304138 0.355756 0.355756 0.355756 0.355756 0.206912 0.206912 0.206912 0.206912 0.48894 0.48894 0.48894
1.31731 1.31731 1.31731 2.36286 2.36286 2.36286 2.36286 2.24235 2.24235 2.24235 2.24235 1.95871 1.95871 1.95871 1.95871 2.32009 2.32009 2.32009 2.32009 2.553 2.553 2.553 2.553 1.60556 1.60556 1.60556 1.60556 1.01242 1.01242 1.01242 1.01242 3.83182 3.83182 3.83182 3.83182 4.68071 4.68071 4.68071 4.68071 4.60977 4.60977 4.60977 4.60977 3.57408 3.57408 3.57408 3.57408 2.08716 2.08716 2.08716 2.08716 2.65953 2.65953 2.65953 2.65953 1.00281 1.00281 1.00281 1.00281 0.304138 0.304138 0.304138 0.304138 0.355756 0.355756 0.355756 0.355756 0.206912 0.206912 0.206912 0.206912 0.48894 0.48894 0.48894
1.31731 1.31731 1.31731 2.36286 2.36286 2.36286 2.36286 2.24235 2.24235 2.24235 2.24235 1.95871 1.95871 1.95871 1.95871 2.32009 2.32009 2.32009 2.32009 2.553 2.553 2.553 2.553 1.60556 1.60556 1.60556 1.60556 1.01242 1.01242 1.01242 1.01242 3.83182 3.83182 3.83182 3.83182 4.68071 4.68071 4.68071 4.68071 4.60977 4.60977 4.60977 4.60977 3.57408 3.57408 3.57408 3.57408 2.08716 2.08716 2.08716 2.08716 2.65953 2.65953 2.65953 2.65953 1.00281 1.00281 1.00281 1.00281 0.304138 0.304138 0.304138 0.304138 0.355756 0.355756 0.355756 0.355756 0.206912 0.206912 0.206912 0.206912 0.48894 0.48894 0.48894
2.73981 2.73981 2.73981 1.65605 1.65605 1.65605 1.65605 1.09273 1.09273 1.09273 1.09273 0.889698 0.889698 0.889698 0.889698 2.03178 2.03178 2.03178 2.03178 3.53598 3.53598 3.53598 3.53598 4.08599 4.08599 4.08599 4.08599 5.39516 5.39516 5.39516 5.39516 5.21015 5.21015 5.21015 5.21015 3.71437 3.71437 3.71437 3.71437 2.84083 2.84083 2.84083 2.84083 3.27151 3.27151 3.27151 3.27151 3.23752 3.23752 3.23752 3.23752 2.32251 2.32251 2.32251 2.32251 0.866747 0.866747 0.866747 0.866747 0.167705 0.167705 0.167705 0.167705 0.0395285 0.0395285 0.0395285 0.0395285 0.0176777 0.0176777 0.0176777 0.0176777 0.194454 0.194454 0.194454
2.73981 2.73981 2.73981 1.65605 1.65605 1.65605 1.65605 1.09273 1.09273 1.09273 1.09273 0.889698 0.889698 0.889698 0.889698 2.03178 2.03178 2.03178 2.03178 3.53598 3.53598 3.53598 3.53598 4.08599 4.08599 4.08599 4.08599 5.39516 5.39516 5.39516 5.39516 5.21015 5.21015 5.21015 5.21015 3.71437 3.71437 3.71437 3.71437 2.84083 2.84083 2.84083 2.84083 3.27151 3.27151 3.27151 3.27151 3.23752 3.23752 3.23752 3.23752 2.32251 2.32251 2.32251 2.32251 0.866747 0.866747 0.866747 0.866747 0.167705 0.167705 0.167705 0.167705 0.0395285 0.0395285 0.0395285 0.0395285 0.0176777 0.0176777 0.0176777 0.0176777 0.194454 0.194454 0.194454
2.73981 2.73981 2.73981 1.65605 1.65605 1.65605 1.65605 1.09273 1.09273 1.09273 1.09273 0.889698 0.889698 0.889698 0.889698 2.03178 2.03178 2.03178 2.03178 3.53598 3.53598 3.53598 3.53598 4.08599 4.08599 4.08599 4.08599 5.39516 5.39516 5.39516 5.39516 5.21015 5.21015 5.21015 5.21015 3.71437 3.71437 3.71437 3.71437 2.84083 2.84083 2.84083 2.84083 3.27151 3.27151 3.27151 3.27151 3.23752 3.23752 3.23752 3.23752 2.32251 2.32251 2.32251 2.32251 0.866747 0.866747 0.866747 0.866747 0.167705 0.167705 0.167705 0.167705 0.0395285 0.0395285 0.0395285 0.0395285 0.0176777 0.0176777 0.0176777 0.0176777 0.194454 0.194454 0.194454
2.73981 2.73981 2.73981 1.65605 1.65605 1.65605 1.65605 1.09273 1.09273 1.09273 1.09273 0.889698 0.889698 0.889698 0.889698 2.03178 2.03178 2.03178 2.03178 3.53598 3.53598 3.53598 3.53598 4.08599 4.08599 4.08599 4.08599 5.39516 5.39516 5.39516 5.39516 5.21015 5.21015 5.21015 5.21015 3.71437 3.71437 3.71437 3.71437 2.84083 2.84083 2.84083 2.84083 3.27151 3.27151 3.27151 3.27151 3.23752 3.23752 3.23752 3.23752 2.32251 2.32251 2.32251 2.32251 0.866747 0.866747 0.866747 0.866747 0.167705 0.167705 0.167705 0.167705 0.0395285 0.0395285 0.0395285 0.0395285 0.0176777 0.0176777 0.0176777 0.0176777 0.194454 0.194454 0.194454
4.43516 4.43516 4.43516 4.47947 4.47947 4.47947 4.47947 4.08427 4.08427 4.08427 4.08427 3.73852 3.73852 3.73852 3.73852 3.72781 3.72781 3.72781 3.72781 4.32424 4.32424 4.32424 4.32424 4.59619 4.59619 4.59619 4.59619 3.75221 3.75221 3.75221 3.75221 1.63334 1.63334 1.63334 1.63334 0.32596 0.32596 0.32596 0.32596 0.113192 0.113192 0.113192 0.113192 0.360555 0.360555 0.360555 0.360555 0.697316 0.697316 0.697316 0.697316 0.688522 0.688522 0.688522 0.688522 0.347311 0.347311 0.347311 0.347311 0.0707107 0.0707107 0.0707107 0.0707107 0.025 0.025 0.025 0.025 0.0176777 0.0176777 0.0176777 0.0176777 0 0 0
4.43516 4.43516 4.43516 4.47947 4.47947 4.47947 4.47947 4.08427 4.08427 4.08427 4.08427 3.73852 3.73852 3.73852 3.73852 3.72781 3.72781 3.72781 3.72781 4.32424 4.32424 4.32424 4.32424 4.59619 4.59619 4.59619 4.59619 3.75221 3.75221 3.75221 3.75221 1.63334 1.63334 1.63334 1.63334 0.32596 0.32596 0.32596 0.32596 0.113192 0.113192 0.113192 0.113192 0.360555 0.360555 0.360555 0.360555 0.697316 0.697316 0.697316 0.697316 0.688522 0.688522 0.688522 0.688522 0.347311 0.347311 0.347311 0.347311 0.0707107 0.0707107 0.0707107 0.0707107 0.025 0.025 0.025 0.025 0.0176777 0.0176777 0.0176777 0.0176777 0 0 0
4.43516 4.43516 4.43516 4.47947 4.47947 4.47947 4.47947 4.08427 4.08427 4.08427 4.08427 3.73852 3.73852 3.73852 3.73852 3.72781 3.72781 3.72781 3.72781 4.32424 4.32424 4.32424 4.32424 4.59619 4.59619 4.59619 4.59619 3.75221 3.75221 3.75221 3.75221 1.63334 1.63334 1.63334 1.63334 0.32596 0.32596 0.32596 0.32596 0.113192 0.113192 0.113192 0.113192 0.360555 0.360555 0.360555 0.360555 0.697316 0.697316 0.697316 0.697316 0.688522 0.688522 0.688522 0.688522 0.347311 0.347311 0.347311 0.347311 0.0707107 0.0707107 0.0707107 0.0707107 0.025 0.025 0.025 0.025 0.0176777 0.0176777 0.0176777 0.0176777 0 0 0
4.43516 4.43516 4.43516 4.47947 4.47947 4.47947 4.47947 4.08427 4.08427 4.08427 4.08427 3.73852 3.73852 3.73852 3.73852 3.72781 3.72781 3.72781 3.72781 4.32424 4.32424 4.32424 4.32424 4.59619 4.59619 4.59619 4.59619 3.75221 3.75221 3.75221 3.75221 1.63334 1.63334 1.63334 1.63334 0.32596 0.32596 0.32596 0.32596 0.113192 0.113192 0.113192 0.113192 0.360555 0.360555 0.360555 0.360555 0.697316 0.697316 0.697316 0.697316 0.688522 0.688522 0.688522 0.688522 0.347311 0.347311 0.347311 0.347311 0.0707107 0.0707107 0.0707107 0.0707107 0.025 0.025 0.025 0.025 0.0176777 0.0176777 0.0176777 0.0176777 0 0 0
1.20481 1.20481 1.20481 1.58755 1.58755 1.58755 1.58755 1.55081 1.55081 1.55081 1.55081 1.52582 1.52582 1.52582 1.52582 1.31933 1.31933 1.31933 1.31933 1.12611 1.12611 1.12611 1.12611 1.00654 1.00654 1.00654 1.00654 0.531507 0.531507 0.531507 0.531507 0.0395285 0.0395285 0.0395285 0.0395285 0.0176777 0.0176777 0.0176777 0.0176777 0 0 0 0 0 0 0 0 0 0 0 0 0 0 0 0 0 0 0 0 0.0559017 0.0559017 0.0559017 0.0559017 0.0637377 0.0637377 0.0637377 0.0637377 0.0728869 0.0728869 0.0728869 0.0728869 0.0395285 0.0395285 0.0395285
1.20481 1.20481 1.20481 1.58755 1.58755 1.58755 1.58755 1.55081 1.55081 1.55081 1.55081 1.52582 1.52582 1.52582 1.52582 1.31933 1.31933 1.31933 1.31933 1.12611 1.12611 1.12611 1.12611 1.00654 1.00654 1.00654 1.00654 0.531507 0.531507 0.531507 0.531507 0.0395285 0.0395285 0.0395285 0.0395285 0.0176777 0.0176777 0.0176777 0.0176777 0 0 0 0 0 0 0 0 0 0 0 0 0 0 0 0 0 0 0 0 0.0559017 0.0559017 0.0559017 0.0559017 0.0637377 0.0637377 0.0637377 0.0637377 0.0728869 0.0728869 0.0728869 0.0728869 0.0395285 0.0395285 0.0395285
1.20481 1.20481 1.20481 1.58755 1.58755 1.58755 1.58755 1.55081 1.55081 1.55081 1.55081 1.52582 1.52582 1.52582 1.52582 1.31933 1.31933 1.31933 1.31933 1.12611 1.12611 1.12611 1.12611 1.00654 1.00654 1.00654 1.00654 0.531507 0.531507 0.531507 0.531507 0.0395285 0.0395285 0.0395285 0.0395285 0.0176777 0.0176777 0.0176777 0.0176777 0 0 0 0 0 0 0 0 0 0 0 0 0 0 0 0 0 0 0 0 0.0559017 0.0559017 0.0559017 0.0559017 0.0637377 0.0637377 0.0637377 0.0637377 0.0728869 0.0728869 0.0728869 0.0728869 0.0395285 0.0395285 0.0395285
1.20481 1.20481 1.20481 1.58755 1.58755 1.58755 1.58755 1.55081 1.55081 1.55081 1.55081 1.52582 1.52582 1.52582 1.52582 1.31933 1.31933 1.31933 1.31933 1.12611 1.12611 1.12611 1.12611 1.00654 1.00654 1.00654 1.00654 0.531507 0.531507 0.531507 0.531507 0.0395285 0.0395285 0.0395285 0.0395285 0.0176777 0.0176777 0.0176777 0.0176777 0 0 0 0 0 0 0 0 0 0 0 0 0 0 0 0 0 0 0 0 0.0559017 0.0559017 0.0559017 0.0559017 0.0637377 0.0637377 0.0637377 0.0637377 0.0728869 0.0728869 0.0728869 0.0728869 0.0395285 0.0395285 0.0395285
0 0 0 0 0 0 0 0 0 0 0 0.0176777 0.0176777 0.0176777 0.0176777 0.0395285 0.0395285 0.0395285 0.0395285 0.0395285 0.0395285 0.0395285 0.0395285 0.0176777 0.0176777 0.0176777 0.0176777 0 0 0 0 0 0 0 0 0 0 0 0 0 0 0 0 0 0 0 0 0 0 0 0 0 0 0 0 0 0 0 0 0.103078 0.103078 0.103078 0.103078 0.125 0.125 0.125 0.125 0.151038 0.151038 0.151038 0.151038 0.106066 0.106066 0.106066
0 0 0 0 0 0 0 0 0 0 0 0.0176777 0.0176777 0.0176777 0.0176777 0.0395285 0.0395285 0.0395285 0.0395285 0.0395285 0.0395285 0.0395285 0.0395285 0.0176777 0.0176777 0.0176777 0.0176777 0 0 0 0 0 0 0 0 0 0 0 0 0 0 0 0 0 0 0 0 0 0 0 0 0 0 0 0 0 0 0 0 0.103078 0.103078 0.103078 0.103078 0.125 0.125 0.125 0.125 0.151038 0.151038 0.151038 0.151038 0.106066 0.106066 0.106066
0 0 0 0 0 0 0 0 0 0 0 0.0176777 0.0176777 0.0176777 0.0176777 0.0395285 0.0395285 0.0395285 0.0395285 0.0395285 0.0395285 0.0395285 0.0395285 0.0176777 0.0176777 0.0176777 0.0176777 0 0 0 0 0 0 0 0 0 0 0 0 0 0 0 0 0 0 0 0 0 0 0 0 0 0 0 0 0 0 0 0 0.103078 0.103078 0.103078 0.103078 0.125 0.125 0.125 0.125 0.151038 0.151038 0.151038 0.151038 0.106066 0.106066 0.106066
0 0 0 0 0 0 0 0 0 0 0 0.0176777 0.0176777 0.0176777 0.0176777 0.0395285 0.0395285 0.0395285 0.0395285 0.0395285 0.0395285 0.0395285 0.0395285 0.0176777 0.0176777 0.0176777 0.0176777 0 0 0 0 0 0 0 0 0 0 0 0 0 0 0 0 0 0 0 0 0 0 0 0 0 0 0 0 0 0 0 0 0.103078 0.103078 0.103078 0.103078 0.125 0.125 0.125 0.125 0.151038 0.151038 0.151038 0.151038 0.106066 0.106066 0.106066
