EU_test_data/Lisbon/lisbon_elevation.asc
ncols         400
nrows         400
xllcorner     2680750
yllcorner     1902250
cellsize      250
NODATA_value  -9999
[rows 284 to 354 of 400, columns 288 to 383 of 400]
15 15 15 16 16 16 16 19 19 19 19 19 19 19 19 18 18 18 18 18 18 18 18 20 20 20 20 21 21 21 21 23 23 23 23 27 27 27 27 30 30 30 30 31 31 31 31 32 32 32 32 38 38 38 38 40 40 40 40 41 41 41 41 40 40 40 40 37 37 37 37 40 40 40 40 34 34 34 34 32 32 32 32 36 36 36 36 32 32 32 32 39 39 39 39 38
15 15 15 16 16 16 16 19 19 19 19 19 19 19 19 18 18 18 18 18 18 18 18 20 20 20 20 21 21 21 21 23 23 23 23 27 27 27 27 30 30 30 30 31 31 31 31 32 32 32 32 38 38 38 38 40 40 40 40 41 41 41 41 40 40 40 40 37 37 37 37 40 40 40 40 34 34 34 34 32 32 32 32 36 36 36 36 32 32 32 32 39 39 39 39 38
15 15 15 17 17 17 17 17 17 17 17 16 16 16 16 18 18 18 18 20 20 20 20 22 22 22 22 26 26 26 26 25 25 25 25 28 28 28 28 27 27 27 27 30 30 30 30 32 32 32 32 34 34 34 34 39 39 39 39 37 37 37 37 38 38 38 38 38 38 38 38 39 39 39 39 38 38 38 38 41 41 41 41 41 41 41 41 39 39 39 39 39 39 39 39 40
15 15 15 17 17 17 17 17 17 17 17 16 16 16 16 18 18 18 18 20 20 20 20 22 22 22 22 26 26 26 26 25 25 25 25 28 28 28 28 27 27 27 27 30 30 30 30 32 32 32 32 34 34 34 34 39 39 39 39 37 37 37 37 38 38 38 38 38 38 38 38 39 39 39 39 38 38 38 38 41 41 41 41 41 41 41 41 39 39 39 39 39 39 39 39 40
15 15 15 17 17 17 17 17 17 17 17 16 16 16 16 18 18 18 18 20 20 20 20 22 22 22 22 26 26 26 26 25 25 25 25 28 28 28 28 27 27 27 27 30 30 30 30 32 32 32 32 34 34 34 34 39 39 39 39 37 37 37 37 38 38 38 38 38 38 38 38 39 39 39 39 38 38 38 38 41 41 41 41 41 41 41 41 39 39 39 39 39 39 39 39 40
15 15 15 17 17 17 17 17 17 17 17 16 16 16 16 18 18 18 18 20 20 20 20 22 22 22 22 26 26 26 26 25 25 25 25 28 28 28 28 27 27 27 27 30 30 30 30 32 32 32 32 34 34 34 34 39 39 39 39 37 37 37 37 38 38 38 38 38 38 38 38 39 39 39 39 38 38 38 38 41 41 41 41 41 41 41 41 39 39 39 39 39 39 39 39 40
12 12 12 14 14 14 14 12 12 12 12 17 17 17 17 19 19 19 19 20 20 20 20 18 18 18 18 20 20 20 20 21 21 21 21 24 24 24 24 25 25 25 25 27 27 27 27 30 30 30 30 38 38 38 38 40 40 40 40 38 38 38 38 32 32 32 32 30 30 30 30 36 36 36 36 38 38 38 38 41 41 41 41 44 44 44 44 45 45 45 45 42 42 42 42 42
12 12 12 14 14 14 14 12 12 12 12 17 17 17 17 19 19 19 19 20 20 20 20 18 18 18 18 20 20 20 20 21 21 21 21 24 24 24 24 25 25 25 25 27 27 27 27 30 30 30 30 38 38 38 38 40 40 40 40 38 38 38 38 32 32 32 32 30 30 30 30 36 36 36 36 38 38 38 38 41 41 41 41 44 44 44 44 45 45 45 45 42 42 42 42 42
12 12 12 14 14 14 14 12 12 12 12 17 17 17 17 19 19 19 19 20 20 20 20 18 18 18 18 20 20 20 20 21 21 21 21 24 24 24 24 25 25 25 25 27 27 27 27 30 30 30 30 38 38 38 38 40 40 40 40 38 38 38 38 32 32 32 32 30 30 30 30 36 36 36 36 38 38 38 38 41 41 41 41 44 44 44 44 45 45 45 45 42 42 42 42 42
12 12 12 14 14 14 14 12 12 12 12 17 17 17 17 19 19 19 19 20 20 20 20 18 18 18 18 20 20 20 20 21 21 21 21 24 24 24 24 25 25 25 25 27 27 27 27 30 30 30 30 38 38 38 38 40 40 40 40 38 38 38 38 32 32 32 32 30 30 30 30 36 36 36 36 38 38 38 38 41 41 41 41 44 44 44 44 45 45 45 45 42 42 42 42 42
13 13 13 12 12 12 12 12 12 12 12 14 14 14 14 16 16 16 16 16 16 16 16 16 16 16 16 18 18 18 18 20 20 20 20 21 21 21 21 28 28 28 28 30 30 30 30 34 34 34 34 36 36 36 36 34 34 34 34 32 32 32 32 30 30 30 30 32 32 32 32 38 38 38 38 38 38 38 38 41 41 41 41 44 44 44 44 48 48 48 48 48 48 48 48 46
13 13 13 12 12 12 12 12 12 12 12 14 14 14 14 16 16 16 16 16 16 16 16 16 16 16 16 18 18 18 18 20 20 20 20 21 21 21 21 28 28 28 28 30 30 30 30 34 34 34 34 36 36 36 36 34 34 34 34 32 32 32 32 30 30 30 30 32 32 32 32 38 38 38 38 38 38 38 38 41 41 41 41 44 44 44 44 48 48 48 48 48 48 48 48 46
13 13 13 12 12 12 12 12 12 12 12 14 14 14 14 16 16 16 16 16 16 16 16 16 16 16 16 18 18 18 18 20 20 20 20 21 21 21 21 28 28 28 28 30 30 30 30 34 34 34 34 36 36 36 36 34 34 34 34 32 32 32 32 30 30 30 30 32 32 32 32 38 38 38 38 38 38 38 38 41 41 41 41 44 44 44 44 48 48 48 48 48 48 48 48 46
13 13 13 12 12 12 12 12 12 12 12 14 14 14 14 16 16 16 16 16 16 16 16 16 16 16 16 18 18 18 18 20 20 20 20 21 21 21 21 28 28 28 28 30 30 30 30 34 34 34 34 36 36 36 36 34 34 34 34 32 32 32 32 30 30 30 30 32 32 32 32 38 38 38 38 38 38 38 38 41 41 41 41 44 44 44 44 48 48 48 48 48 48 48 48 46
10 10 10 11 11 11 11 12 12 12 12 12 12 12 12 17 17 17 17 17 17 17 17 16 16 16 16 19 19 19 19 21 21 21 21 25 25 25 25 27 27 27 27 30 30 30 30 31 31 31 31 29 29 29 29 30 30 30 30 30 30 30 30 31 31 31 31 34 34 34 34 37 37 37 37 42 42 42 42 43 43 43 43 48 48 48 48 48 48 48 48 48 48 48 48 52
10 10 10 11 11 11 11 12 12 12 12 12 12 12 12 17 17 17 17 17 17 17 17 16 16 16 16 19 19 19 19 21 21 21 21 25 25 25 25 27 27 27 27 30 30 30 30 31 31 31 31 29 29 29 29 30 30 30 30 30 30 30 30 31 31 31 31 34 34 34 34 37 37 37 37 42 42 42 42 43 43 43 43 48 48 48 48 48 48 48 48 48 48 48 48 52
10 10 10 11 11 11 11 12 12 12 12 12 12 12 12 17 17 17 17 17 17 17 17 16 16 16 16 19 19 19 19 21 21 21 21 25 25 25 25 27 27 27 27 30 30 30 30 31 31 31 31 29 29 29 29 30 30 30 30 30 30 30 30 31 31 31 31 34 34 34 34 37 37 37 37 42 42 42 42 43 43 43 43 48 48 48 48 48 48 48 48 48 48 48 48 52
10 10 10 11 11 11 11 12 12 12 12 12 12 12 12 17 17 17 17 17 17 17 17 16 16 16 16 19 19 19 19 21 21 21 21 25 25 25 25 27 27 27 27 30 30 30 30 31 31 31 31 29 29 29 29 30 30 30 30 30 30 30 30 31 31 31 31 34 34 34 34 37 37 37 37 42 42 42 42 43 43 43 43 48 48 48 48 48 48 48 48 48 48 48 48 52
9 9 9 9 9 9 9 13 13 13 13 13 13 13 13 12 12 12 12 12 12 12 12 16 16 16 16 20 20 20 20 21 21 21 21 24 24 24 24 28 28 28 28 27 27 27 27 29 29 29 29 25 25 25 25 28 28 28 28 25 25 25 25 29 29 29 29 33 33 33 33 38 38 38 38 43 43 43 43 44 44 44 44 45 45 45 45 43 43 43 43 43 43 43 43 50
9 9 9 9 9 9 9 13 13 13 13 13 13 13 13 12 12 12 12 12 12 12 12 16 16 16 16 20 20 20 20 21 21 21 21 24 24 24 24 28 28 28 28 27 27 27 27 29 29 29 29 25 25 25 25 28 28 28 28 25 25 25 25 29 29 29 29 33 33 33 33 38 38 38 38 43 43 43 43 44 44 44 44 45 45 45 45 43 43 43 43 43 43 43 43 50
9 9 9 9 9 9 9 13 13 13 13 13 13 13 13 12 12 12 12 12 12 12 12 16 16 16 16 20 20 20 20 21 21 21 21 24 24 24 24 28 28 28 28 27 27 27 27 29 29 29 29 25 25 25 25 28 28 28 28 25 25 25 25 29 29 29 29 33 33 33 33 38 38 38 38 43 43 43 43 44 44 44 44 45 45 45 45 43 43 43 43 43 43 43 43 50
9 9 9 9 9 9 9 13 13 13 13 13 13 13 13 12 12 12 12 12 12 12 12 16 16 16 16 20 20 20 20 21 21 21 21 24 24 24 24 28 28 28 28 27 27 27 27 29 29 29 29 25 25 25 25 28 28 28 28 25 25 25 25 29 29 29 29 33 33 33 33 38 38 38 38 43 43 43 43 44 44 44 44 45 45 45 45 43 43 43 43 43 43 43 43 50
4 4 4 5 5 5 5 8 8 8 8 8 8 8 8 10 10 10 10 9 9 9 9 12 12 12 12 18 18 18 18 20 20 20 20 26 26 26 26 26 26 26 26 23 23 23 23 26 26 26 26 21 21 21 21 21 21 21 21 28 28 28 28 31 31 31 31 38 38 38 38 39 39 39 39 39 39 39 39 43 43 43 43 40 40 40 40 34 34 34 34 38 38 38 38 45
4 4 4 5 5 5 5 8 8 8 8 8 8 8 8 10 10 10 10 9 9 9 9 12 12 12 12 18 18 18 18 20 20 20 20 26 26 26 26 26 26 26 26 23 23 23 23 26 26 26 26 21 21 21 21 21 21 21 21 28 28 28 28 31 31 31 31 38 38 38 38 39 39 39 39 39 39 39 39 43 43 43 43 40 40 40 40 34 34 34 34 38 38 38 38 45
4 4 4 5 5 5 5 8 8 8 8 8 8 8 8 10 10 10 10 9 9 9 9 12 12 12 12 18 18 18 18 20 20 20 20 26 26 26 26 26 26 26 26 23 23 23 23 26 26 26 26 21 21 21 21 21 21 21 21 28 28 28 28 31 31 31 31 38 38 38 38 39 39 39 39 39 39 39 39 43 43 43 43 40 40 40 40 34 34 34 34 38 38 38 38 45
4 4 4 5 5 5 5 8 8 8 8 8 8 8 8 10 10 10 10 9 9 9 9 12 12 12 12 18 18 18 18 20 20 20 20 26 26 26 26 26 26 26 26 23 23 23 23 26 26 26 26 21 21 21 21 21 21 21 21 28 28 28 28 31 31 31 31 38 38 38 38 39 39 39 39 39 39 39 39 43 43 43 43 40 40 40 40 34 34 34 34 38 38 38 38 45
5 5 5 6 6 6 6 3 3 3 3 8 8 8 8 10 10 10 10 8 8 8 8 11 11 11 11 16 16 16 16 20 20 20 20 20 20 20 20 16 16 16 16 20 20 20 20 22 22 22 22 24 24 24 24 33 33 33 33 32 32 32 32 30 30 30 30 30 30 30 30 36 36 36 36 38 38 38 38 39 39 39 39 34 34 34 34 38 38 38 38 40 40 40 40 44
5 5 5 6 6 6 6 3 3 3 3 8 8 8 8 10 10 10 10 8 8 8 8 11 11 11 11 16 16 16 16 20 20 20 20 20 20 20 20 16 16 16 16 20 20 20 20 22 22 22 22 24 24 24 24 33 33 33 33 32 32 32 32 30 30 30 30 30 30 30 30 36 36 36 36 38 38 38 38 39 39 39 39 34 34 34 34 38 38 38 38 40 40 40 40 44
5 5 5 6 6 6 6 3 3 3 3 8 8 8 8 10 10 10 10 8 8 8 8 11 11 11 11 16 16 16 16 20 20 20 20 20 20 20 20 16 16 16 16 20 20 20 20 22 22 22 22 24 24 24 24 33 33 33 33 32 32 32 32 30 30 30 30 30 30 30 30 36 36 36 36 38 38 38 38 39 39 39 39 34 34 34 34 38 38 38 38 40 40 40 40 44
5 5 5 6 6 6 6 3 3 3 3 8 8 8 8 10 10 10 10 8 8 8 8 11 11 11 11 16 16 16 16 20 20 20 20 20 20 20 20 16 16 16 16 20 20 20 20 22 22 22 22 24 24 24 24 33 33 33 33 32 32 32 32 30 30 30 30 30 30 30 30 36 36 36 36 38 38 38 38 39 39 39 39 34 34 34 34 38 38 38 38 40 40 40 40 44
12 12 12 17 17 17 17 17 17 17 17 17 17 17 17 22 22 22 22 13 13 13 13 9 9 9 9 13 13 13 13 17 17 17 17 19 19 19 19 21 21 21 21 24 24 24 24 25 25 25 25 29 29 29 29 31 31 31 31 29 29 29 29 29 29 29 29 31 31 31 31 33 33 33 33 30 30 30 30 32 32 32 32 38 38 38 38 40 40 40 40 41 41 41 41 43
12 12 12 17 17 17 17 17 17 17 17 17 17 17 17 22 22 22 22 13 13 13 13 9 9 9 9 13 13 13 13 17 17 17 17 19 19 19 19 21 21 21 21 24 24 24 24 25 25 25 25 29 29 29 29 31 31 31 31 29 29 29 29 29 29 29 29 31 31 31 31 33 33 33 33 30 30 30 30 32 32 32 32 38 38 38 38 40 40 40 40 41 41 41 41 43
12 12 12 17 17 17 17 17 17 17 17 17 17 17 17 22 22 22 22 13 13 13 13 9 9 9 9 13 13 13 13 17 17 17 17 19 19 19 19 21 21 21 21 24 24 24 24 25 25 25 25 29 29 29 29 31 31 31 31 29 29 29 29 29 29 29 29 31 31 31 31 33 33 33 33 30 30 30 30 32 32 32 32 38 38 38 38 40 40 40 40 41 41 41 41 43
12 12 12 17 17 17 17 17 17 17 17 17 17 17 17 22 22 22 22 13 13 13 13 9 9 9 9 13 13 13 13 17 17 17 17 19 19 19 19 21 21 21 21 24 24 24 24 25 25 25 25 29 29 29 29 31 31 31 31 29 29 29 29 29 29 29 29 31 31 31 31 33 33 33 33 30 30 30 30 32 32 32 32 38 38 38 38 40 40 40 40 41 41 41 41 43
14 14 14 19 19 19 19 20 20 20 20 19 19 19 19 26 26 26 26 19 19 19 19 13 13 13 13 8 8 8 8 12 12 12 12 15 15 15 15 17 17 17 17 19 19 19 19 18 18 18 18 21 21 21 21 21 21 21 21 21 21 21 21 28 28 28 28 31 31 31 31 27 27 27 27 29 29 29 29 32 32 32 32 34 34 34 34 34 34 34 34 37 37 37 37 41
14 14 14 19 19 19 19 20 20 20 20 19 19 19 19 26 26 26 26 19 19 19 19 13 13 13 13 8 8 8 8 12 12 12 12 15 15 15 15 17 17 17 17 19 19 19 19 18 18 18 18 21 21 21 21 21 21 21 21 21 21 21 21 28 28 28 28 31 31 31 31 27 27 27 27 29 29 29 29 32 32 32 32 34 34 34 34 34 34 34 34 37 37 37 37 41
14 14 14 19 19 19 19 20 20 20 20 19 19 19 19 26 26 26 26 19 19 19 19 13 13 13 13 8 8 8 8 12 12 12 12 15 15 15 15 17 17 17 17 19 19 19 19 18 18 18 18 21 21 21 21 21 21 21 21 21 21 21 21 28 28 28 28 31 31 31 31 27 27 27 27 29 29 29 29 32 32 32 32 34 34 34 34 34 34 34 34 37 37 37 37 41
14 14 14 19 19 19 19 20 20 20 20 19 19 19 19 26 26 26 26 19 19 19 19 13 13 13 13 8 8 8 8 12 12 12 12 15 15 15 15 17 17 17 17 19 19 19 19 18 18 18 18 21 21 21 21 21 21 21 21 21 21 21 21 28 28 28 28 31 31 31 31 27 27 27 27 29 29 29 29 32 32 32 32 34 34 34 34 34 34 34 34 37 37 37 37 41
12 12 12 14 14 14 14 17 17 17 17 16 16 16 16 20 20 20 20 21 21 21 21 16 16 16 16 16 16 16 16 16 16 16 16 21 21 21 21 19 19 19 19 15 15 15 15 12 12 12 12 16 16 16 16 19 19 19 19 20 20 20 20 28 28 28 28 25 25 25 25 25 25 25 25 31 31 31 31 27 27 27 27 31 31 31 31 38 38 38 38 41 41 41 41 45
12 12 12 14 14 14 14 17 17 17 17 16 16 16 16 20 20 20 20 21 21 21 21 16 16 16 16 16 16 16 16 16 16 16 16 21 21 21 21 19 19 19 19 15 15 15 15 12 12 12 12 16 16 16 16 19 19 19 19 20 20 20 20 28 28 28 28 25 25 25 25 25 25 25 25 31 31 31 31 27 27 27 27 31 31 31 31 38 38 38 38 41 41 41 41 45
12 12 12 14 14 14 14 17 17 17 17 16 16 16 16 20 20 20 20 21 21 21 21 16 16 16 16 16 16 16 16 16 16 16 16 21 21 21 21 19 19 19 19 15 15 15 15 12 12 12 12 16 16 16 16 19 19 19 19 20 20 20 20 28 28 28 28 25 25 25 25 25 25 25 25 31 31 31 31 27 27 27 27 31 31 31 31 38 38 38 38 41 41 41 41 45
12 12 12 14 14 14 14 17 17 17 17 16 16 16 16 20 20 20 20 21 21 21 21 16 16 16 16 16 16 16 16 16 16 16 16 21 21 21 21 19 19 19 19 15 15 15 15 12 12 12 12 16 16 16 16 19 19 19 19 20 20 20 20 28 28 28 28 25 25 25 25 25 25 25 25 31 31 31 31 27 27 27 27 31 31 31 31 38 38 38 38 41 41 41 41 45
13 13 13 12 12 12 12 15 15 15 15 16 16 16 16 16 16 16 16 20 20 20 20 21 21 21 21 25 25 25 25 25 25 25 25 31 31 31 31 29 29 29 29 20 20 20 20 20 20 20 20 22 22 22 22 17 17 17 17 16 16 16 16 20 20 20 20 20 20 20 20 26 26 26 26 25 25 25 25 31 31 31 31 32 32 32 32 40 40 40 40 46 46 46 46 48
13 13 13 12 12 12 12 15 15 15 15 16 16 16 16 16 16 16 16 20 20 20 20 21 21 21 21 25 25 25 25 25 25 25 25 31 31 31 31 29 29 29 29 20 20 20 20 20 20 20 20 22 22 22 22 17 17 17 17 16 16 16 16 20 20 20 20 20 20 20 20 26 26 26 26 25 25 25 25 31 31 31 31 32 32 32 32 40 40 40 40 46 46 46 46 48
13 13 13 12 12 12 12 15 15 15 15 16 16 16 16 16 16 16 16 20 20 20 20 21 21 21 21 25 25 25 25 25 25 25 25 31 31 31 31 29 29 29 29 20 20 20 20 20 20 20 20 22 22 22 22 17 17 17 17 16 16 16 16 20 20 20 20 20 20 20 20 26 26 26 26 25 25 25 25 31 31 31 31 32 32 32 32 40 40 40 40 46 46 46 46 48
13 13 13 12 12 12 12 15 15 15 15 16 16 16 16 16 16 16 16 20 20 20 20 21 21 21 21 25 25 25 25 25 25 25 25 31 31 31 31 29 29 29 29 20 20 20 20 20 20 20 20 22 22 22 22 17 17 17 17 16 16 16 16 20 20 20 20 20 20 20 20 26 26 26 26 25 25 25 25 31 31 31 31 32 32 32 32 40 40 40 40 46 46 46 46 48
14 14 14 16 16 16 16 16 16 16 16 18 18 18 18 20 20 20 20 26 26 26 26 26 26 26 26 23 23 23 23 27 27 27 27 30 30 30 30 31 31 31 31 28 28 28 28 21 21 21 21 28 28 28 28 28 28 28 28 16 16 16 16 16 16 16 16 21 21 21 21 28 28 28 28 30 30 30 30 36 36 36 36 38 38 38 38 40 40 40 40 44 44 44 44 43
14 14 14 16 16 16 16 16 16 16 16 18 18 18 18 20 20 20 20 26 26 26 26 26 26 26 26 23 23 23 23 27 27 27 27 30 30 30 30 31 31 31 31 28 28 28 28 21 21 21 21 28 28 28 28 28 28 28 28 16 16 16 16 16 16 16 16 21 21 21 21 28 28 28 28 30 30 30 30 36 36 36 36 38 38 38 38 40 40 40 40 44 44 44 44 43
14 14 14 16 16 16 16 16 16 16 16 18 18 18 18 20 20 20 20 26 26 26 26 26 26 26 26 23 23 23 23 27 27 27 27 30 30 30 30 31 31 31 31 28 28 28 28 21 21 21 21 28 28 28 28 28 28 28 28 16 16 16 16 16 16 16 16 21 21 21 21 28 28 28 28 30 30 30 30 36 36 36 36 38 38 38 38 40 40 40 40 44 44 44 44 43
14 14 14 16 16 16 16 16 16 16 16 18 18 18 18 20 20 20 20 26 26 26 26 26 26 26 26 23 23 23 23 27 27 27 27 30 30 30 30 31 31 31 31 28 28 28 28 21 21 21 21 28 28 28 28 28 28 28 28 16 16 16 16 16 16 16 16 21 21 21 21 28 28 28 28 30 30 30 30 36 36 36 36 38 38 38 38 40 40 40 40 44 44 44 44 43
12 12 12 16 16 16 16 18 18 18 18 21 21 21 21 28 28 28 28 27 27 27 27 29 29 29 29 27 27 27 27 31 31 31 31 31 31 31 31 31 31 31 31 30 30 30 30 27 27 27 27 27 27 27 27 33 33 33 33 25 25 25 25 20 20 20 20 19 19 19 19 26 26 26 26 24 24 24 24 23 23 23 23 36 36 36 36 38 38 38 38 40 40 40 40 45
12 12 12 16 16 16 16 18 18 18 18 21 21 21 21 28 28 28 28 27 27 27 27 29 29 29 29 27 27 27 27 31 31 31 31 31 31 31 31 31 31 31 31 30 30 30 30 27 27 27 27 27 27 27 27 33 33 33 33 25 25 25 25 20 20 20 20 19 19 19 19 26 26 26 26 24 24 24 24 23 23 23 23 36 36 36 36 38 38 38 38 40 40 40 40 45
12 12 12 16 16 16 16 18 18 18 18 21 21 21 21 28 28 28 28 27 27 27 27 29 29 29 29 27 27 27 27 31 31 31 31 31 31 31 31 31 31 31 31 30 30 30 30 27 27 27 27 27 27 27 27 33 33 33 33 25 25 25 25 20 20 20 20 19 19 19 19 26 26 26 26 24 24 24 24 23 23 23 23 36 36 36 36 38 38 38 38 40 40 40 40 45
12 12 12 16 16 16 16 18 18 18 18 21 21 21 21 28 28 28 28 27 27 27 27 29 29 29 29 27 27 27 27 31 31 31 31 31 31 31 31 31 31 31 31 30 30 30 30 27 27 27 27 27 27 27 27 33 33 33 33 25 25 25 25 20 20 20 20 19 19 19 19 26 26 26 26 24 24 24 24 23 23 23 23 36 36 36 36 38 38 38 38 40 40 40 40 45
17 17 17 20 20 20 20 24 24 24 24 27 27 27 27 31 31 31 31 32 32 32 32 27 27 27 27 27 27 27 27 31 31 31 31 28 28 28 28 28 28 28 28 27 27 27 27 32 32 32 32 33 33 33 33 32 32 32 32 33 33 33 33 31 31 31 31 30 30 30 30 29 29 29 29 26 26 26 26 31 31 31 31 38 38 38 38 43 43 43 43 46 46 46 46 51
17 17 17 20 20 20 20 24 24 24 24 27 27 27 27 31 31 31 31 32 32 32 32 27 27 27 27 27 27 27 27 31 31 31 31 28 28 28 28 28 28 28 28 27 27 27 27 32 32 32 32 33 33 33 33 32 32 32 32 33 33 33 33 31 31 31 31 30 30 30 30 29 29 29 29 26 26 26 26 31 31 31 31 38 38 38 38 43 43 43 43 46 46 46 46 51
17 17 17 20 20 20 20 24 24 24 24 27 27 27 27 31 31 31 31 32 32 32 32 27 27 27 27 27 27 27 27 31 31 31 31 28 28 28 28 28 28 28 28 27 27 27 27 32 32 32 32 33 33 33 33 32 32 32 32 33 33 33 33 31 31 31 31 30 30 30 30 29 29 29 29 26 26 26 26 31 31 31 31 38 38 38 38 43 43 43 43 46 46 46 46 51
17 17 17 20 20 20 20 24 24 24 24 27 27 27 27 31 31 31 31 32 32 32 32 27 27 27 27 27 27 27 27 31 31 31 31 28 28 28 28 28 28 28 28 27 27 27 27 32 32 32 32 33 33 33 33 32 32 32 32 33 33 33 33 31 31 31 31 30 30 30 30 29 29 29 29 26 26 26 26 31 31 31 31 38 38 38 38 43 43 43 43 46 46 46 46 51
18 18 18 24 24 24 24 29 29 29 29 34 34 34 34 32 32 32 32 36 36 36 36 30 30 30 30 31 31 31 31 28 28 28 28 23 23 23 23 22 22 22 22 28 28 28 28 31 31 31 31 31 31 31 31 30 30 30 30 30 30 30 30 30 30 30 30 32 32 32 32 36 36 36 36 38 38 38 38 39 39 39 39 43 43 43 43 50 50 50 50 57 57 57 57 63
18 18 18 24 24 24 24 29 29 29 29 34 34 34 34 32 32 32 32 36 36 36 36 30 30 30 30 31 31 31 31 28 28 28 28 23 23 23 23 22 22 22 22 28 28 28 28 31 31 31 31 31 31 31 31 30 30 30 30 30 30 30 30 30 30 30 30 32 32 32 32 36 36 36 36 38 38 38 38 39 39 39 39 43 43 43 43 50 50 50 50 57 57 57 57 63
18 18 18 24 24 24 24 29 29 29 29 34 34 34 34 32 32 32 32 36 36 36 36 30 30 30 30 31 31 31 31 28 28 28 28 23 23 23 23 22 22 22 22 28 28 28 28 31 31 31 31 31 31 31 31 30 30 30 30 30 30 30 30 30 30 30 30 32 32 32 32 36 36 36 36 38 38 38 38 39 39 39 39 43 43 43 43 50 50 50 50 57 57 57 57 63
18 18 18 24 24 24 24 29 29 29 29 34 34 34 34 32 32 32 32 36 36 36 36 30 30 30 30 31 31 31 31 28 28 28 28 23 23 23 23 22 22 22 22 28 28 28 28 31 31 31 31 31 31 31 31 30 30 30 30 30 30 30 30 30 30 30 30 32 32 32 32 36 36 36 36 38 38 38 38 39 39 39 39 43 43 43 43 50 50 50 50 57 57 57 57 63
21 21 21 31 31 31 31 39 39 39 39 40 40 40 40 38 38 38 38 33 33 33 33 27 27 27 27 27 27 27 27 25 25 25 25 20 20 20 20 24 24 24 24 23 23 23 23 26 26 26 26 23 23 23 23 27 27 27 27 25 25 25 25 24 24 24 24 24 24 24 24 32 32 32 32 34 34 34 34 37 37 37 37 41 41 41 41 43 43 43 43 58 58 58 58 63
21 21 21 31 31 31 31 39 39 39 39 40 40 40 40 38 38 38 38 33 33 33 33 27 27 27 27 27 27 27 27 25 25 25 25 20 20 20 20 24 24 24 24 23 23 23 23 26 26 26 26 23 23 23 23 27 27 27 27 25 25 25 25 24 24 24 24 24 24 24 24 32 32 32 32 34 34 34 34 37 37 37 37 41 41 41 41 43 43 43 43 58 58 58 58 63
21 21 21 31 31 31 31 39 39 39 39 40 40 40 40 38 38 38 38 33 33 33 33 27 27 27 27 27 27 27 27 25 25 25 25 20 20 20 20 24 24 24 24 23 23 23 23 26 26 26 26 23 23 23 23 27 27 27 27 25 25 25 25 24 24 24 24 24 24 24 24 32 32 32 32 34 34 34 34 37 37 37 37 41 41 41 41 43 43 43 43 58 58 58 58 63
21 21 21 31 31 31 31 39 39 39 39 40 40 40 40 38 38 38 38 33 33 33 33 27 27 27 27 27 27 27 27 25 25 25 25 20 20 20 20 24 24 24 24 23 23 23 23 26 26 26 26 23 23 23 23 27 27 27 27 25 25 25 25 24 24 24 24 24 24 24 24 32 32 32 32 34 34 34 34 37 37 37 37 41 41 41 41 43 43 43 43 58 58 58 58 63
26 26 26 29 29 29 29 29 29 29 29 36 36 36 36 37 37 37 37 31 31 31 31 25 25 25 25 29 29 29 29 25 25 25 25 19 19 19 19 19 19 19 19 19 19 19 19 19 19 19 19 19 19 19 19 20 20 20 20 18 18 18 18 20 20 20 20 23 23 23 23 27 27 27 27 27 27 27 27 38 38 38 38 41 41 41 41 45 45 45 45 52 52 52 52 51
26 26 26 29 29 29 29 29 29 29 29 36 36 36 36 37 37 37 37 31 31 31 31 25 25 25 25 29 29 29 29 25 25 25 25 19 19 19 19 19 19 19 19 19 19 19 19 19 19 19 19 19 19 19 19 20 20 20 20 18 18 18 18 20 20 20 20 23 23 23 23 27 27 27 27 27 27 27 27 38 38 38 38 41 41 41 41 45 45 45 45 52 52 52 52 51
26 26 26 29 29 29 29 29 29 29 29 36 36 36 36 37 37 37 37 31 31 31 31 25 25 25 25 29 29 29 29 25 25 25 25 19 19 19 19 19 19 19 19 19 19 19 19 19 19 19 19 19 19 19 19 20 20 20 20 18 18 18 18 20 20 20 20 23 23 23 23 27 27 27 27 27 27 27 27 38 38 38 38 41 41 41 41 45 45 45 45 52 52 52 52 51
26 26 26 29 29 29 29 29 29 29 29 36 36 36 36 37 37 37 37 31 31 31 31 25 25 25 25 29 29 29 29 25 25 25 25 19 19 19 19 19 19 19 19 19 19 19 19 19 19 19 19 19 19 19 19 20 20 20 20 18 18 18 18 20 20 20 20 23 23 23 23 27 27 27 27 27 27 27 27 38 38 38 38 41 41 41 41 45 45 45 45 52 52 52 52 51
26 26 26 23 23 23 23 20 20 20 20 26 26 26 26 26 26 26 26 20 20 20 20 20 20 20 20 21 21 21 21 20 20 20 20 16 16 16 16 12 12 12 12 12 12 12 12 12 12 12 12 12 12 12 12 12 12 12 12 14 14 14 14 17 17 17 17 19 19 19 19 21 21 21 21 25 25 25 25 38 38 38 38 44 44 44 44 52 52 52 52 60 60 60 60 48
